pcm_RMSenergy_sma,pcm_fftMag_mfcc_sma[1],pcm_fftMag_mfcc_sma[2],pcm_fftMag_mfcc_sma[3],pcm_fftMag_mfcc_sma[4],pcm_fftMag_mfcc_sma[5],pcm_fftMag_mfcc_sma[6],pcm_fftMag_mfcc_sma[7],pcm_fftMag_mfcc_sma[8],pcm_fftMag_mfcc_sma[9],pcm_fftMag_mfcc_sma[10],pcm_fftMag_mfcc_sma[11],pcm_fftMag_mfcc_sma[12],pcm_zcr_sma,voiceProb_sma,F0_sma,pcm_RMSenergy_sma_de,pcm_fftMag_mfcc_sma_de[1],pcm_fftMag_mfcc_sma_de[2],pcm_fftMag_mfcc_sma_de[3],pcm_fftMag_mfcc_sma_de[4],pcm_fftMag_mfcc_sma_de[5],pcm_fftMag_mfcc_sma_de[6],pcm_fftMag_mfcc_sma_de[7],pcm_fftMag_mfcc_sma_de[8],pcm_fftMag_mfcc_sma_de[9],pcm_fftMag_mfcc_sma_de[10],pcm_fftMag_mfcc_sma_de[11],pcm_fftMag_mfcc_sma_de[12],pcm_zcr_sma_de,voiceProb_sma_de,F0_sma_de
0,0,0,0,0,0,0,0,0,0,0,0,0,9.991667e-01,0,0,0,0,0,0,0,0,0,0,0,0,0,0,0,0,0,0
0,0,0,0,0,0,0,0,0,0,0,0,0,9.991667e-01,0,0,0,0,0,0,0,0,0,0,0,0,0,0,0,0,0,0
0,0,0,0,0,0,0,0,0,0,0,0,0,9.991667e-01,0,0,0,0,0,0,0,0,0,0,0,0,0,0,0,0,0,0
0,0,0,0,0,0,0,0,0,0,0,0,0,9.991667e-01,0,0,0,0,0,0,0,0,0,0,0,0,0,0,0,0,0,0
0,0,0,0,0,0,0,0,0,0,0,0,0,9.991667e-01,0,0,0,0,0,0,0,0,0,0,0,0,0,0,0,0,0,0
0,0,0,0,0,0,0,0,0,0,0,0,0,9.991667e-01,0,0,0,0,0,0,0,0,0,0,0,0,0,0,0,0,0,0
0,0,0,0,0,0,0,0,0,0,0,0,0,9.991667e-01,0,0,0,0,0,0,0,0,0,0,0,0,0,0,0,0,0,0
0,0,0,0,0,0,0,0,0,0,0,0,0,9.991667e-01,0,0,0,0,0,0,0,0,0,0,0,0,0,0,0,0,0,0
0,0,0,0,0,0,0,0,0,0,0,0,0,9.991667e-01,0,0,0,0,0,0,0,0,0,0,0,0,0,0,0,0,0,0
0,0,0,0,0,0,0,0,0,0,0,0,0,9.991667e-01,0,0,0,0,0,0,0,0,0,0,0,0,0,0,0,0,0,0
0,0,0,0,0,0,0,0,0,0,0,0,0,9.991667e-01,0,0,0,0,0,0,0,0,0,0,0,0,0,0,0,0,0,0
0,0,0,0,0,0,0,0,0,0,0,0,0,9.991667e-01,0,0,0,0,0,0,0,0,0,0,0,0,0,0,0,0,0,0
0,0,0,0,0,0,0,0,0,0,0,0,0,9.991667e-01,0,0,0,0,0,0,0,0,0,0,0,0,0,0,0,0,0,0
0,0,0,0,0,0,0,0,0,0,0,0,0,9.991667e-01,0,0,0,0,0,0,0,0,0,0,0,0,0,0,0,0,0,0
0,0,0,0,0,0,0,0,0,0,0,0,0,9.991667e-01,0,0,0,0,0,0,0,0,0,0,0,0,0,0,0,0,0,0
0,0,0,0,0,0,0,0,0,0,0,0,0,9.991667e-01,0,0,0,0,0,0,0,0,0,0,0,0,0,0,0,0,0,0
0,0,0,0,0,0,0,0,0,0,0,0,0,9.991667e-01,0,0,0,0,0,0,0,0,0,0,0,0,0,0,0,0,0,0
0,0,0,0,0,0,0,0,0,0,0,0,0,9.991667e-01,0,0,0,0,0,0,0,0,0,0,0,0,0,0,0,0,0,0
0,0,0,0,0,0,0,0,0,0,0,0,0,9.991667e-01,0,0,0,0,0,0,0,0,0,0,0,0,0,0,0,0,0,0
0,0,0,0,0,0,0,0,0,0,0,0,0,9.991667e-01,0,0,0,0,0,0,0,0,0,0,0,0,0,0,0,0,0,0
0,0,0,0,0,0,0,0,0,0,0,0,0,9.991667e-01,0,0,0,0,0,0,0,0,0,0,0,0,0,0,0,0,0,0
0,0,0,0,0,0,0,0,0,0,0,0,0,9.991667e-01,0,0,0,0,0,0,0,0,0,0,0,0,0,0,0,0,0,0
0,0,0,0,0,0,0,0,0,0,0,0,0,9.991667e-01,0,0,0,0,0,0,0,0,0,0,0,0,0,0,0,0,0,0
0,0,0,0,0,0,0,0,0,0,0,0,0,9.991667e-01,0,0,0,0,0,0,0,0,0,0,0,0,0,0,0,0,0,0
0,0,0,0,0,0,0,0,0,0,0,0,0,9.991667e-01,0,0,0,0,0,0,0,0,0,0,0,0,0,0,0,0,0,0
0,0,0,0,0,0,0,0,0,0,0,0,0,9.991667e-01,0,0,0,0,0,0,0,0,0,0,0,0,0,0,0,0,0,0
0,0,0,0,0,0,0,0,0,0,0,0,0,9.991667e-01,0,0,0,0,0,0,0,0,0,0,0,0,0,0,0,0,0,0
0,0,0,0,0,0,0,0,0,0,0,0,0,9.991667e-01,0,0,0,0,0,0,0,0,0,0,0,0,0,0,0,0,0,0
0,0,0,0,0,0,0,0,0,0,0,0,0,9.991667e-01,0,0,0,0,0,0,0,0,0,0,0,0,0,0,0,0,0,0
0,0,0,0,0,0,0,0,0,0,0,0,0,9.991667e-01,0,0,0,0,0,0,0,0,0,0,0,0,0,0,0,0,0,0
0,0,0,0,0,0,0,0,0,0,0,0,0,9.991667e-01,0,0,0,0,0,0,0,0,0,0,0,0,0,0,0,0,0,0
0,0,0,0,0,0,0,0,0,0,0,0,0,9.991667e-01,0,0,0,0,0,0,0,0,0,0,0,0,0,0,0,0,0,0
0,0,0,0,0,0,0,0,0,0,0,0,0,9.991667e-01,0,0,0,0,0,0,0,0,0,0,0,0,0,0,0,0,0,0
0,0,0,0,0,0,0,0,0,0,0,0,0,9.991667e-01,0,0,0,0,0,0,0,0,0,0,0,0,0,0,0,0,0,0
0,0,0,0,0,0,0,0,0,0,0,0,0,9.991667e-01,0,0,0,0,0,0,0,0,0,0,0,0,0,0,0,0,0,0
0,0,0,0,0,0,0,0,0,0,0,0,0,9.991667e-01,0,0,0,0,0,0,0,0,0,0,0,0,0,0,0,0,0,0
0,0,0,0,0,0,0,0,0,0,0,0,0,9.991667e-01,0,0,0,0,0,0,0,0,0,0,0,0,0,0,0,0,0,0
0,0,0,0,0,0,0,0,0,0,0,0,0,9.991667e-01,0,0,0,0,0,0,0,0,0,0,0,0,0,0,0,0,0,0
0,0,0,0,0,0,0,0,0,0,0,0,0,9.991667e-01,0,0,0,0,0,0,0,0,0,0,0,0,0,0,0,0,0,0
0,0,0,0,0,0,0,0,0,0,0,0,0,9.991667e-01,0,0,0,0,0,0,0,0,0,0,0,0,0,0,0,0,0,0
0,0,0,0,0,0,0,0,0,0,0,0,0,9.991667e-01,0,0,0,0,0,0,0,0,0,0,0,0,0,0,0,0,0,0
0,0,0,0,0,0,0,0,0,0,0,0,0,9.991667e-01,0,0,0,0,0,0,0,0,0,0,0,0,0,0,0,0,0,0
0,0,0,0,0,0,0,0,0,0,0,0,0,9.991667e-01,0,0,0,0,0,0,0,0,0,0,0,0,0,0,0,0,0,0
0,0,0,0,0,0,0,0,0,0,0,0,0,9.991667e-01,0,0,0,0,0,0,0,0,0,0,0,0,0,0,0,0,0,0
0,0,0,0,0,0,0,0,0,0,0,0,0,9.991667e-01,0,0,0,0,0,0,0,0,0,0,0,0,0,0,0,0,0,0
0,0,0,0,0,0,0,0,0,0,0,0,0,9.991667e-01,0,0,5.382356e-08,-3.237461e-01,5.683898e-01,1.219085e-01,-7.876822e-02,-8.381243e-02,-7.123754e-01,-1.032105e-01,-6.469539e-01,-3.009905e-01,-3.005582e-01,-2.338745e-01,-5.648405e-02,-1.405556e-02,7.553855e-03,0
0,0,0,0,0,0,0,0,0,0,0,0,0,9.991667e-01,0,0,1.565642e-06,-4.062331e-01,1.599259e+00,5.965402e-01,-3.142131e-01,-6.762018e-01,-2.059294e+00,-2.657496e-01,-2.261898e+00,-6.362033e-01,-8.681802e-01,-9.992172e-01,-8.104479e-01,-6.166667e-02,5.632965e-02,0
2.691178e-07,-1.618731e+00,2.841949e+00,6.095424e-01,-3.938411e-01,-4.190622e-01,-3.561877e+00,-5.160526e-01,-3.234770e+00,-1.504953e+00,-1.502791e+00,-1.169373e+00,-2.824203e-01,9.288889e-01,3.776928e-02,0,1.120370e-05,-3.376525e-01,2.872075e+00,1.441383e+00,-6.237100e-01,-1.707037e+00,-4.206767e+00,-4.133331e-01,-4.138019e+00,-8.791642e-01,-1.874859e+00,-2.219798e+00,-2.228038e+00,-1.477917e-01,1.350115e-01,1.782730e+01
7.693649e-06,-1.221800e+00,6.575321e+00,2.677930e+00,-1.374145e+00,-3.171478e+00,-8.515532e+00,-1.070722e+00,-9.692103e+00,-2.428540e+00,-3.589505e+00,-4.411399e+00,-3.911029e+00,7.259722e-01,2.627636e-01,0,3.746653e-05,2.041122e-02,3.440349e+00,1.955953e+00,-5.731408e-01,-2.439639e+00,-4.941730e+00,-9.515306e-01,-4.721594e+00,-9.117517e-01,-2.645361e+00,-3.296851e+00,-3.389781e+00,-2.259028e-01,2.078521e-01,4.423368e+01
5.217167e-05,-1.077362e+00,1.107271e+01,5.867948e+00,-2.431478e+00,-6.949444e+00,-1.677607e+01,-1.531304e+00,-1.584404e+01,-3.181551e+00,-7.579544e+00,-8.893288e+00,-9.184676e+00,3.968056e-01,5.436755e-01,8.913650e+01,1.618643e-04,-5.676095e-01,3.078538e+00,2.647420e+00,-7.661631e-01,-1.833514e+00,-4.766727e+00,-1.072705e+00,-2.374141e+00,-9.420649e-01,-3.192031e+00,-2.542012e+00,-2.970397e+00,-2.430833e-01,1.632368e-01,6.963995e+01
1.613814e-04,-1.686280e-01,1.308636e+01,7.150560e+00,-1.846886e+00,-8.933003e+00,-1.810156e+01,-4.250027e+00,-1.730334e+01,-3.720460e+00,-1.018843e+01,-1.262230e+01,-1.249778e+01,1.356944e-01,7.863075e-01,1.766002e+02,4.553321e-04,-2.261951e+00,2.846789e+00,2.584480e+00,-3.865571e-01,-4.269039e-01,-3.173505e+00,-1.135651e+00,1.482087e+00,-1.073563e+00,-2.755733e+00,-2.063090e-01,-7.280394e-01,-1.807083e-01,2.956887e-02,5.122895e+01
7.327465e-04,-4.983364e+00,1.497912e+01,1.161033e+01,-3.988286e+00,-6.705868e+00,-2.260250e+01,-4.289923e+00,-1.129986e+01,-5.569317e+00,-1.416348e+01,-9.773987e+00,-1.084103e+01,8.611110e-03,5.921815e-01,2.598997e+02,9.359226e-04,-3.830903e+00,2.800770e+00,2.199880e+00,-1.101328e-02,5.371121e-01,-1.458557e+00,-5.732402e-01,4.325917e+00,-9.289038e-01,-1.455699e+00,2.272791e+00,1.453663e+00,-8.600000e-02,-1.172477e-01,-1.751105e+00
1.944067e-03,-1.057856e+01,1.885607e+01,1.272914e+01,-2.528527e+00,-5.427785e+00,-2.146984e+01,-5.369667e+00,-4.553757e+00,-6.602473e+00,-1.407620e+01,-5.002595e+00,-6.723047e+00,1.652778e-02,3.863549e-01,1.707632e+02,1.133303e-03,-4.308516e+00,3.239963e+00,1.140755e+00,1.020242e+00,2.065680e-01,1.400230e-01,-1.562968e-01,4.143068e+00,-5.844511e-01,-3.325094e-01,2.684042e+00,1.989577e+00,-1.863888e-02,-1.672748e-01,-5.298005e+01
3.840442e-03,-1.502691e+01,2.219171e+01,1.407806e+01,-2.145724e+00,-6.016492e+00,-2.238471e+01,-3.837685e+00,-5.892439e-01,-6.385063e+00,-1.291415e+01,-1.339181e+00,-4.803726e+00,2.638889e-02,1.574131e-01,8.329948e+01,9.054471e-04,-2.889508e+00,2.798231e+00,-3.680221e-01,2.238351e+00,-5.368677e-01,2.277786e+00,-2.668667e-01,1.688284e+00,-4.144973e-01,1.783800e-01,9.770315e-01,8.824449e-01,6.125000e-03,-1.097138e-01,-6.905625e+01
4.274051e-03,-1.668943e+01,2.567988e+01,1.162047e+01,2.333046e+00,-8.244851e+00,-1.751034e+01,-5.257630e+00,-1.943302e+00,-6.234842e+00,-1.247564e+01,-3.419486e+00,-5.568546e+00,3.361111e-02,1.673177e-01,0,2.134287e-04,-1.131409e+00,9.572784e-01,-1.244381e+00,2.081584e+00,-4.159780e-01,2.523301e+00,-2.059778e-01,-4.602084e-02,-4.821158e-01,-5.794618e-01,-6.280178e-01,-1.493826e-02,2.513889e-03,-4.592362e-02,-4.248258e+01
4.094990e-03,-1.637547e+01,2.555836e+01,1.032455e+01,4.772682e+00,-7.981674e+00,-1.319332e+01,-5.680275e+00,-4.163668e+00,-7.825619e+00,-1.407186e+01,-5.680384e+00,-7.006060e+00,3.069445e-02,1.531314e-01,0,-3.095800e-04,3.614202e-01,-1.551573e+00,-2.166496e+00,1.353875e+00,6.951652e-02,9.325498e-01,-7.546431e-01,-6.093848e-01,-1.364932e-01,-6.730577e-01,-1.119880e+00,2.876249e-01,-6.388891e-04,3.329596e-03,-1.665989e+01
2.883936e-03,-1.556132e+01,2.195913e+01,8.383987e+00,4.420194e+00,-6.525085e+00,-1.344903e+01,-5.478261e+00,-2.996649e+00,-8.292774e+00,-1.639466e+01,-5.972083e+00,-5.696571e+00,2.694444e-02,1.588777e-01,0,-9.713299e-05,9.211038e-01,-4.279177e+00,-2.228145e+00,-9.385866e-01,5.257033e-01,-3.227630e+00,-7.761996e-01,2.300513e-02,1.153669e+00,8.303146e-02,-5.581943e-01,1.532820e+00,-9.444447e-04,1.457016e-02,0
2.987599e-03,-1.378387e+01,1.629422e+01,4.863819e+00,3.580080e+00,-6.528793e+00,-1.975261e+01,-7.500586e+00,-3.109494e+00,-6.038563e+00,-1.431993e+01,-5.662282e+00,-3.301589e+00,2.652778e-02,1.782810e-01,0,6.177403e-04,7.895597e-01,-5.528548e+00,-1.896088e+00,-2.548918e+00,2.488693e-01,-6.417787e+00,-7.942616e-01,2.553535e-01,2.603739e+00,1.310002e+00,-2.720310e-01,2.385924e+00,1.541666e-03,4.520861e-02,0
4.342081e-03,-1.337971e+01,8.916064e+00,3.210115e+00,-1.763586e+00,-6.342775e+00,-3.036884e+01,-8.228473e+00,-2.355363e+00,-1.360026e+00,-1.193645e+01,-6.219508e+00,2.433173e-01,3.097222e-02,2.275936e-01,0,1.324069e-03,5.862544e-01,-5.443471e+00,-8.992600e-01,-3.525001e+00,9.610176e-04,-6.492671e+00,-9.589624e-02,2.483539e-01,2.880578e+00,1.954210e+00,-5.553718e-01,2.331664e+00,2.986111e-03,7.399707e-02,0
6.454619e-03,-1.351847e+01,4.437159e+00,3.431049e+00,-4.880018e+00,-6.828482e+00,-3.682236e+01,-8.276477e+00,-3.207544e+00,1.726702e+00,-9.750959e+00,-6.916826e+00,1.953616e+00,3.638889e-02,3.448164e-01,0,1.185788e-03,5.705870e-01,-4.204366e+00,1.379605e-01,-3.294279e+00,-2.840653e-02,-3.857894e+00,5.225496e-01,7.995325e-01,1.543015e+00,1.194638e+00,-1.063700e+00,1.362534e+00,1.430556e-03,9.241115e-02,0
7.770769e-03,-1.276275e+01,6.703071e-01,4.604072e+00,-8.974761e+00,-6.370435e+00,-3.737752e+01,-5.569796e+00,-1.705855e+00,2.227481e+00,-8.908092e+00,-8.121670e+00,3.334146e+00,3.694445e-02,4.455953e-01,0,3.700980e-04,9.685653e-01,-2.516623e+00,8.168699e-01,-1.929082e+00,-7.903375e-02,-4.538910e-01,3.080001e-02,9.915595e-01,-2.140395e-01,8.856545e-02,-1.550216e+00,-2.686925e-01,-2.180555e-03,7.347740e-02,0
7.202196e-03,-1.123942e+01,-6.047342e-01,4.856642e+00,-9.285726e+00,-6.656995e+00,-3.553775e+01,-6.217176e+00,5.634139e-01,-1.172405e-01,-9.860922e+00,-1.002970e+01,1.965666e+00,3.069445e-02,5.313359e-01,0,-5.586473e-04,1.224137e+00,-1.231415e+00,1.052356e+00,-5.501324e-01,-9.807386e-02,1.695765e+00,-6.461428e-01,7.807289e-01,-1.148353e+00,-4.500445e-01,-2.233678e+00,-1.821579e+00,-5.097223e-03,3.986705e-02,0
5.818782e-03,-9.676417e+00,-1.146102e+00,6.581667e+00,-9.206141e+00,-6.823687e+00,-3.328060e+01,-9.104123e+00,7.169556e-01,-1.508253e+00,-1.143864e+01,-1.241415e+01,-1.106170e+00,2.291667e-02,5.017209e-01,0,-1.008692e-03,1.017153e+00,-2.756470e-01,1.205762e+00,8.209139e-01,-2.610887e-01,2.163735e+00,-1.299465e+00,-3.350044e-01,-7.430355e-01,-2.962856e-02,-2.384758e+00,-2.585051e+00,-5.138889e-03,5.210144e-03,0
4.637375e-03,-8.940954e+00,-8.117116e-01,7.704033e+00,-7.514990e+00,-7.092226e+00,-3.039199e+01,-9.740027e+00,-5.153041e-01,-2.147195e+00,-1.073591e+01,-1.593898e+01,-4.934121e+00,1.791667e-02,5.160889e-01,0,-8.755872e-04,4.518920e-01,-2.501941e-03,1.145349e+00,1.330469e+00,-5.439271e-01,1.447770e+00,-8.396435e-01,-1.127488e+00,5.326766e-01,1.561515e+00,-1.751090e+00,-1.607650e+00,-2.722223e-03,-8.681366e-03,0
4.009721e-03,-8.826214e+00,-6.044393e-01,9.209188e+00,-5.755559e+00,-7.458263e+00,-2.913172e+01,-1.030569e+01,-2.841518e+00,-4.727193e-01,-8.618742e+00,-1.709082e+01,-6.141212e+00,1.763889e-02,4.792695e-01,0,-5.379392e-04,-1.814391e-01,-1.485283e-01,7.403288e-01,1.426422e+00,-7.805687e-01,6.911926e-02,-4.416984e-01,-1.088020e+00,1.541582e+00,3.055167e+00,1.324977e-01,1.457701e-02,-2.361111e-04,2.701679e-03,0
3.728791e-03,-9.405057e+00,-8.880754e-01,9.269626e+00,-4.358671e+00,-9.059342e+00,-3.037334e+01,-9.814608e+00,-3.294788e+00,2.028376e+00,-3.463296e+00,-1.644682e+01,-3.555063e+00,1.972222e-02,4.991548e-01,0,-2.265446e-04,-5.518155e-01,-4.477865e-01,4.352453e-01,7.707525e-01,-1.058272e+00,-1.402273e+00,-3.127332e-01,-7.290274e-01,1.938688e+00,3.856135e+00,2.039339e+00,1.008621e+00,8.472225e-04,8.152184e-03,0
3.583378e-03,-1.035156e+01,-1.850562e+00,9.500515e+00,-3.652191e+00,-9.742972e+00,-3.294433e+01,-1.127532e+01,-3.333403e+00,4.111873e+00,2.008866e-01,-1.149774e+01,-1.722815e+00,2.083333e-02,5.236964e-01,0,1.701552e-05,-6.004217e-01,-9.470498e-01,-3.265983e-01,5.114846e-02,-9.389275e-01,-1.079859e+00,-3.164501e-02,-4.806337e-01,1.778769e+00,3.117555e+00,2.791069e+00,5.374333e-01,8.888891e-04,3.838202e-03,0
3.717824e-03,-1.093736e+01,-2.427583e+00,9.734596e+00,-4.712912e+00,-1.124123e+01,-3.549705e+01,-1.081888e+01,-3.914499e+00,5.253950e+00,4.134953e+00,-8.538823e+00,-2.100217e+00,2.055556e-02,5.346364e-01,0,2.212739e-04,-2.374074e-01,-1.431879e+00,-8.273737e-01,-6.729097e-01,-3.221638e-01,4.517798e-01,1.513852e-01,-5.836082e-01,1.384192e+00,1.103181e+00,1.816858e+00,-7.417662e-01,7.222224e-04,-1.286975e-02,0
4.100282e-03,-1.106217e+01,-4.569935e+00,7.343711e+00,-5.322697e+00,-1.106196e+01,-3.196916e+01,-9.961784e+00,-4.934831e+00,6.808338e+00,3.169908e+00,-7.089476e+00,-4.181469e+00,2.166667e-02,4.807197e-01,0,3.186222e-04,3.589539e-01,-1.846740e+00,-1.468130e+00,-1.116341e+00,4.447942e-01,2.928932e+00,3.913573e-01,-6.133320e-01,5.159774e-01,-8.379372e-01,1.562717e-01,-1.591898e+00,5.416662e-04,-3.030840e-02,0
4.576709e-03,-1.023679e+01,-6.687786e+00,6.211159e+00,-6.887967e+00,-1.001067e+01,-2.860203e+01,-9.714452e+00,-5.412115e+00,7.601105e+00,5.681006e-01,-9.566657e+00,-6.034566e+00,2.291667e-02,4.562944e-01,0,2.682085e-04,8.685637e-01,-1.844781e+00,-1.627436e+00,-1.264032e+00,1.162701e+00,4.362666e+00,1.083234e-01,-4.382423e-01,-9.689442e-01,-1.840394e+00,-1.006663e+00,-2.484007e+00,4.166626e-05,-2.703249e-02,0
4.747047e-03,-8.907077e+00,-8.954163e+00,3.921586e+00,-8.146367e+00,-8.134283e+00,-2.174718e+01,-9.870751e+00,-5.651255e+00,5.518183e+00,-2.205374e+00,-1.020246e+01,-7.715128e+00,2.236111e-02,4.113254e-01,0,1.106593e-04,1.114540e+00,-1.379809e+00,-1.499757e+00,-1.268541e+00,1.072464e+00,4.030483e+00,-1.674023e-02,-3.962925e-01,-3.123383e+00,-1.768541e+00,-1.127317e+00,-3.014403e+00,-8.611113e-04,-1.430928e-02,0
4.735484e-03,-7.672087e+00,-9.459373e+00,3.308477e+00,-9.621239e+00,-6.891563e+00,-1.879471e+01,-1.032278e+01,-5.747498e+00,1.054306e+00,-2.379376e+00,-1.201564e+01,-1.275342e+01,2.041667e-02,4.341711e-01,0,-5.859109e-05,1.053016e+00,-9.287332e-01,-1.532323e+00,-8.266729e-01,8.131762e-01,3.170775e+00,-1.285732e-01,-8.463793e-01,-4.232454e+00,-1.426314e+00,-4.474150e-01,-2.796169e+00,-1.486111e-03,2.450487e-03,0
4.574191e-03,-6.771822e+00,-1.008319e+01,1.296267e+00,-1.029876e+01,-7.259190e+00,-1.672040e+01,-9.741323e+00,-6.748602e+00,-5.535179e+00,-4.199057e+00,-1.150157e+01,-1.589406e+01,1.861111e-02,4.202349e-01,0,-1.831111e-04,9.168507e-01,-4.323345e-01,-1.206641e+00,-5.309291e-01,5.175335e-01,1.857023e+00,-1.053345e-01,-1.336637e+00,-4.165746e+00,-1.253004e+00,5.360107e-01,-1.543322e+00,-1.805555e-03,2.219917e-02,0
4.370181e-03,-6.039337e+00,-1.076694e+01,-1.377959e-01,-9.945132e+00,-6.382336e+00,-1.526154e+01,-1.042203e+01,-9.095338e+00,-8.034485e+00,-5.566626e+00,-1.115418e+01,-1.592595e+01,1.736111e-02,4.640920e-01,0,-2.737264e-04,8.276007e-01,-1.424877e-01,-9.573274e-01,-1.728785e-01,2.030033e-01,1.425242e+00,-2.580883e-01,-1.424983e+00,-2.684623e+00,-7.899834e-01,1.777002e+00,4.542263e-01,-1.513888e-03,2.479734e-02,0
4.014143e-03,-5.139198e+00,-1.046205e+01,-3.884819e-01,-1.063907e+01,-5.801229e+00,-1.422865e+01,-1.034780e+01,-1.066052e+01,-1.076615e+01,-6.876770e+00,-7.953142e+00,-1.384547e+01,1.486111e-02,5.073608e-01,0,-3.202090e-04,6.616067e-01,2.746347e-01,-2.298054e-01,1.469822e-02,-3.313660e-01,8.024074e-01,-6.628841e-01,-1.227871e+00,-1.231702e+00,-8.436227e-02,2.735475e+00,1.391909e+00,-8.472220e-04,2.538364e-02,0
3.646877e-03,-4.350396e+00,-9.982379e+00,-6.357851e-01,-1.031548e+01,-6.605527e+00,-1.291437e+01,-1.130998e+01,-1.091646e+01,-9.753322e+00,-4.990436e+00,-4.904849e+00,-1.150658e+01,1.472222e-02,5.145949e-01,0,-2.918296e-04,6.874446e-01,3.165185e-01,9.087585e-02,3.761740e-01,-1.033407e+00,2.786996e-01,-8.171858e-01,-7.653177e-01,-7.037045e-01,2.105800e-01,2.599061e+00,1.226342e+00,-1.388887e-04,1.690709e-02,0
3.334799e-03,-4.308259e+00,-9.102294e+00,3.962347e-01,-1.004010e+01,-8.804424e+00,-1.388195e+01,-1.261177e+01,-1.197740e+01,-1.083427e+01,-4.908963e+00,-9.488559e-01,-1.114419e+01,1.569444e-02,5.219017e-01,0,-2.008766e-04,7.839704e-01,1.694243e-01,2.356377e-01,7.753277e-01,-1.271390e+00,-1.352867e-01,-7.309411e-01,-3.114164e-01,-7.120550e-01,-3.221193e-01,1.194724e+00,5.649917e-01,9.722235e-05,1.619636e-02,1.596010e+01
3.250705e-03,-3.017584e+00,-9.864226e+00,-7.577491e-02,-8.363746e+00,-1.004777e+01,-1.404140e+01,-1.337598e+01,-1.226349e+01,-1.151895e+01,-5.497629e+00,-1.661019e+00,-1.114487e+01,1.625000e-02,5.413570e-01,0,-1.413434e-04,9.437073e-01,-1.357925e-01,8.250792e-02,8.160328e-01,-9.074613e-01,-4.731464e-03,-4.833727e-02,5.093260e-02,-9.379837e-01,-1.389057e+00,-1.196056e+00,-2.076885e-01,-2.500002e-04,1.793003e-02,3.986065e+01
3.207846e-03,-1.885752e+00,-9.674006e+00,5.097013e-01,-7.738295e+00,-1.043705e+01,-1.434158e+01,-1.296951e+01,-1.154409e+01,-1.344362e+01,-8.233769e+00,-3.601439e+00,-1.120137e+01,1.458333e-02,5.749615e-01,7.980050e+01,-1.971283e-04,7.751296e-01,-1.451481e-01,-3.657005e-02,7.476881e-01,-7.591943e-02,4.807777e-02,2.619642e-01,4.978808e-01,-2.753839e-01,-1.206083e+00,-2.538136e+00,-5.010669e-01,-4.166670e-04,1.099019e-02,4.782090e+01
3.003636e-03,-8.431125e-01,-1.037549e+01,-2.799788e-01,-7.386219e+00,-1.032652e+01,-1.270822e+01,-1.137280e+01,-1.087845e+01,-1.313857e+01,-1.027332e+01,-9.558837e+00,-1.251644e+01,1.402778e-02,5.777152e-01,1.594030e+02,-2.847490e-04,4.226583e-02,2.366607e-01,8.714744e-02,1.319962e-02,5.640035e-01,-4.211030e-01,1.839248e-01,9.642992e-01,8.922094e-01,-3.050750e-01,-2.335207e+00,-9.628597e-01,-2.916671e-04,-6.216884e-03,2.388075e+01
2.472691e-03,-1.519847e+00,-9.572405e+00,3.154864e-01,-6.790422e+00,-9.044649e+00,-1.430815e+01,-1.230353e+01,-1.018052e+01,-1.140138e+01,-8.551534e+00,-9.690628e+00,-1.296375e+01,1.472222e-02,5.586736e-01,1.594030e+02,-3.041651e-04,-7.126704e-01,7.855567e-01,-1.420376e-02,-5.713447e-01,1.421761e+00,-1.462446e+00,-8.320713e-03,1.404100e+00,1.957504e+00,1.008041e+00,-1.280571e+00,-1.099494e+00,4.166654e-05,-1.972037e-02,-2.394015e+01
2.194538e-03,-2.989207e+00,-8.731724e+00,4.570698e-01,-8.771684e+00,-7.923959e+00,-1.616363e+01,-1.278934e+01,-8.123775e+00,-8.079019e+00,-6.864122e+00,-1.029246e+01,-1.507798e+01,1.472222e-02,5.184166e-01,7.960249e+01,-1.828377e-04,-1.484790e+00,1.674312e+00,-2.284362e-01,-9.813694e-01,2.045778e+00,-2.159425e+00,1.982159e-01,1.431574e+00,2.142172e+00,1.007942e+00,-3.913501e-01,-1.213726e+00,1.944446e-04,-3.608345e-02,-4.782090e+01
2.091570e-03,-4.376057e+00,-6.568104e+00,7.015821e-02,-9.902286e+00,-4.529529e+00,-1.992610e+01,-1.230284e+01,-5.900923e+00,-6.185873e+00,-4.898161e+00,-9.637483e+00,-1.541807e+01,1.444444e-02,5.060089e-01,0,1.168810e-05,-1.824087e+00,2.405551e+00,-8.096377e-01,-2.831207e-01,2.336071e+00,-1.757126e+00,8.518899e-01,6.922940e-01,1.862573e+00,5.276184e-02,-1.467296e-01,-5.843372e-01,1.569444e-03,-4.988652e-02,-3.984085e+01
2.280009e-03,-6.838956e+00,-3.506078e+00,-1.299496e+00,-1.073713e+01,-2.355192e+00,-2.069637e+01,-1.038207e+01,-5.860375e+00,-5.035462e+00,-7.060293e+00,-1.154216e+01,-1.735791e+01,1.513889e-02,4.236302e-01,0,1.708916e-04,-2.006574e+00,2.901680e+00,-1.148762e+00,9.777878e-01,1.776744e+00,-4.613928e-01,1.743125e+00,-4.657357e-01,1.287339e+00,-6.790667e-01,5.978737e-01,4.180552e-01,4.625001e-03,-6.334889e-02,-1.592050e+01
2.488396e-03,-8.715408e+00,-1.574732e-01,-2.854419e+00,-7.223301e+00,-1.486747e-01,-2.082741e+01,-9.247720e+00,-7.850746e+00,-3.610294e+00,-8.189639e+00,-9.799425e+00,-1.474547e+01,2.236111e-02,3.566341e-01,0,2.108185e-04,-1.884531e+00,2.532722e+00,-1.258035e+00,1.803202e+00,4.794770e-01,8.644186e-01,1.892319e+00,-1.257496e+00,8.634242e-01,-8.974463e-01,7.009674e-01,1.104684e+00,7.625000e-03,-6.734995e-02,0
2.850582e-03,-1.085240e+01,2.571358e+00,-3.824451e+00,-5.222237e+00,-1.230667e+00,-1.801994e+01,-5.601271e+00,-9.477543e+00,-2.930115e+00,-8.613716e+00,-7.222119e+00,-1.332400e+01,3.388889e-02,2.763595e-01,0,1.342213e-04,-1.423823e+00,1.654147e+00,-9.600717e-01,1.508997e+00,-2.990322e-01,1.492514e+00,1.379723e+00,-1.363765e+00,1.265629e-01,-1.246405e-01,2.439652e-01,1.331933e+00,7.694444e-03,-5.439091e-02,0
2.860375e-03,-1.179199e+01,3.056790e+00,-4.957538e+00,-3.643723e+00,-2.694407e+00,-1.694222e+01,-5.231641e+00,-1.037982e+01,-2.921426e+00,-8.608681e+00,-8.292666e+00,-1.191160e+01,4.319444e-02,2.428945e-01,0,-3.195542e-05,-8.620647e-01,7.307937e-01,-4.769798e-01,5.533636e-01,-4.894963e-01,1.099375e+00,2.015773e-01,-8.457134e-01,-1.039240e+00,3.315234e-01,-1.037539e+00,1.075585e+00,3.375000e-03,-3.870028e-02,0
2.765126e-03,-1.241978e+01,3.157527e+00,-5.048295e+00,-4.981936e+00,-2.577487e+00,-1.517638e+01,-5.491492e+00,-1.141466e+01,-4.747081e+00,-7.473974e+00,-1.107571e+01,-1.211518e+01,4.319444e-02,2.085455e-01,0,-2.296351e-04,-1.437629e-01,3.346734e-01,3.954726e-01,3.063106e-01,-3.233427e-01,5.267655e-01,-1.076462e+00,-4.916726e-01,-1.871534e+00,7.445184e-01,-1.091494e+00,1.488868e+00,-2.722222e-03,-8.722650e-03,0
2.371347e-03,-1.224204e+01,3.203411e+00,-4.627396e+00,-4.576633e+00,-1.922746e+00,-1.675231e+01,-8.294723e+00,-1.111075e+01,-7.898008e+00,-7.101893e+00,-1.306033e+01,-9.971959e+00,3.458333e-02,1.970397e-01,0,-3.613378e-04,2.621949e-01,4.055344e-01,1.349201e+00,9.398607e-01,-6.882676e-01,1.665852e-01,-1.676444e+00,-5.386063e-01,-2.020063e+00,1.040879e+00,1.782159e-01,1.938007e+00,-6.750000e-03,1.468769e-02,0
1.946920e-03,-1.134619e+01,4.171415e+00,-2.012159e+00,-3.224229e+00,-3.233211e+00,-1.548107e+01,-9.452038e+00,-1.157044e+01,-9.799491e+00,-5.644518e+00,-1.029576e+01,-6.849486e+00,2.458333e-02,2.556737e-01,0,-4.310693e-04,4.486829e-01,4.443844e-01,1.854135e+00,1.896042e+00,-1.491911e+00,2.754276e-01,-1.914381e+00,-6.599823e-01,-6.564819e-01,1.555839e+00,1.336141e+00,1.979632e+00,-6.805555e-03,2.677860e-02,0
1.462789e-03,-1.101781e+01,4.577518e+00,2.703979e-01,1.767277e-01,-5.807883e+00,-1.595695e+01,-1.163359e+01,-1.299496e+01,-1.049554e+01,-4.319011e+00,-7.791564e+00,-4.854410e+00,1.875000e-02,2.927689e-01,0,-3.891232e-04,3.137549e-01,2.036133e-01,1.496701e+00,1.744680e+00,-1.794249e+00,7.276152e-01,-1.005588e+00,-1.150980e-02,1.272813e+00,1.834532e+00,1.403558e+00,1.424407e+00,-3.527778e-03,9.692281e-03,0
1.064058e-03,-1.078848e+01,4.692396e+00,1.773481e+00,2.121591e+00,-8.094475e+00,-1.419692e+01,-1.339396e+01,-1.377247e+01,-6.730727e+00,-1.086219e+00,-7.029391e+00,-4.775791e+00,1.708333e-02,2.945739e-01,0,-3.067036e-04,3.976879e-02,-3.470183e-01,2.894714e-01,9.509126e-01,-8.675767e-01,1.413311e+00,3.855033e-01,1.188807e+00,2.658340e+00,1.623653e+00,5.394445e-02,4.448080e-01,4.999999e-04,-1.567625e-02,0
8.671625e-04,-1.095212e+01,3.960987e+00,9.632914e-01,1.473856e+00,-8.463361e+00,-1.375630e+01,-1.135170e+01,-1.006729e+01,-3.068325e+00,-2.083839e-01,-7.675722e+00,-3.886770e+00,2.069444e-02,2.260510e-01,0,-1.860337e-04,4.052024e-01,-6.395429e-01,-6.918682e-01,-4.697293e-01,5.590482e-02,1.747435e+00,1.579578e+00,2.370565e+00,2.457081e+00,7.400087e-01,-7.371322e-01,-4.786625e-01,2.791667e-03,-2.187053e-02,0
7.112161e-04,-1.118019e+01,2.744589e+00,-9.112482e-01,8.817696e-01,-6.243355e+00,-9.514838e+00,-7.665466e+00,-7.090240e+00,-2.213997e-01,4.184313e-01,-1.008396e+01,-5.109266e+00,2.611111e-02,2.106514e-01,0,1.135000e-05,1.123916e+00,-9.724660e-01,-8.967115e-01,-1.532385e+00,8.977453e-01,6.886627e-01,1.381434e+00,2.401193e+00,1.078440e+00,-2.331253e-01,-7.042633e-01,-1.411148e+00,2.638889e-03,1.006019e-02,0
7.090421e-04,-8.795945e+00,2.353707e+00,-1.846579e+00,-1.552008e+00,-6.453918e+00,-9.560822e+00,-6.599946e+00,-4.483253e+00,-1.464793e+00,-1.371293e+00,-9.949941e+00,-7.080985e+00,2.819444e-02,2.253775e-01,0,2.410183e-04,1.962926e+00,-1.225810e+00,-3.290004e-01,-2.333637e+00,9.331695e-01,-1.606634e+00,-4.211064e-01,1.836267e+00,-1.474473e-01,-9.566610e-01,-4.012547e-02,-2.067893e+00,3.194444e-04,6.220448e-02,0
1.199869e-03,-6.246992e+00,6.337060e-01,-1.305142e+00,-4.027401e+00,-4.610470e+00,-1.285135e+01,-8.862670e+00,-4.558521e+00,-2.140290e+00,-1.670391e+00,-9.413598e+00,-1.023442e+01,2.652778e-02,3.452116e-01,0,4.840922e-04,2.020501e+00,-1.689512e+00,3.937996e-01,-2.794672e+00,1.023576e+00,-3.845831e+00,-1.872183e+00,1.853110e+00,-3.901249e-01,-1.445276e+00,6.096053e-01,-1.768756e+00,-1.972222e-03,9.722177e-02,1.397380e+01
1.827928e-03,-3.604093e+00,-1.112621e+00,-4.847637e-01,-7.739744e+00,-4.613956e+00,-2.012122e+01,-1.285863e+01,-2.151811e+00,-2.846116e+00,-3.947278e+00,-8.211530e+00,-1.166365e+01,2.208333e-02,4.697933e-01,0,5.840950e-04,1.227158e+00,-1.984787e+00,9.333187e-01,-2.431340e+00,1.072497e+00,-3.897863e+00,-2.164363e+00,2.019875e+00,3.774078e-01,-1.663875e+00,6.156287e-02,-7.944437e-01,-2.972222e-03,9.587604e-02,3.482932e+01
2.572235e-03,-3.673614e+00,-3.969810e+00,3.768425e-01,-9.997724e+00,-2.045459e+00,-2.346380e+01,-1.389704e+01,1.009588e+00,-1.481362e+00,-5.519957e+00,-7.905138e+00,-1.166171e+01,1.930556e-02,5.745523e-01,6.986900e+01,4.707583e-04,4.988927e-01,-1.502254e+00,1.142992e+00,-1.270561e+00,4.204304e-01,-2.283992e+00,-1.173568e+00,1.514899e+00,1.112607e+00,-1.865421e+00,-9.135858e-01,1.660262e-01,-2.958333e-03,5.404057e-02,5.555680e+01
2.943334e-03,-3.946843e+00,-5.268471e+00,1.979023e+00,-1.072355e+01,-2.373939e+00,-2.374391e+01,-1.490457e+01,2.832066e+00,9.278210e-02,-7.765886e+00,-1.039636e+01,-1.033956e+01,1.694444e-02,5.900874e-01,1.392121e+02,2.457041e-04,-8.907271e-03,-5.083439e-01,1.184063e+00,2.277667e-01,-1.416891e-01,-4.193498e-01,2.136348e-01,-2.017252e-01,1.567293e+00,-1.668956e+00,-2.188247e+00,-4.887905e-02,-2.500000e-03,1.556182e-02,4.149268e+01
2.995957e-03,-3.581153e+00,-4.799639e+00,3.177924e+00,-8.888303e+00,-3.628326e+00,-2.245996e+01,-1.370754e+01,5.240340e-01,1.953293e+00,-9.088193e+00,-1.288911e+01,-1.006634e+01,1.430556e-02,5.552675e-01,2.081779e+02,-2.335554e-05,5.356312e-04,7.229001e-01,8.324232e-01,1.250867e+00,-6.566280e-01,2.416506e-01,9.656578e-01,-1.905940e+00,1.599506e+00,-1.243041e+00,-2.529066e+00,-8.936228e-01,-2.291666e-03,-8.289695e-04,1.370285e+01
2.844587e-03,-3.694860e+00,-3.239426e+00,4.035009e+00,-7.155621e+00,-4.530968e+00,-2.271988e+01,-1.188521e+01,-2.917660e+00,3.273022e+00,-1.050794e+01,-1.666078e+01,-1.270573e+01,1.208333e-02,5.572448e-01,1.383089e+02,-1.669044e-04,-1.070187e-01,1.271446e+00,4.961451e-01,1.347208e+00,-4.349000e-01,-5.665264e-02,1.122794e+00,-2.625863e+00,1.122363e+00,-7.328513e-01,-1.729630e+00,-1.555857e+00,-1.819444e-03,1.483048e-02,-6.904582e+00
2.504830e-03,-3.796927e+00,-1.369832e+00,3.510965e+00,-5.527353e+00,-4.250084e+00,-2.276756e+01,-1.057843e+01,-5.645251e+00,4.926047e+00,-1.036413e+01,-1.741826e+01,-1.494674e+01,1.027778e-02,5.868287e-01,1.388348e+02,-1.847845e-04,-1.325044e-01,1.209242e+00,4.736979e-01,9.583435e-01,-4.285798e-01,-2.944996e-01,5.019433e-01,-2.133664e+00,3.535792e-01,1.236747e-01,-6.086008e-01,-1.142196e+00,-1.138889e-03,3.548397e-02,1.349030e-01
2.354375e-03,-4.374050e+00,-6.261441e-01,4.293227e+00,-5.667982e+00,-4.237560e+00,-2.387338e+01,-1.085516e+01,-7.212607e+00,4.218218e+00,-1.079217e+01,-1.677994e+01,-1.567865e+01,9.861112e-03,6.484591e-01,1.393607e+02,-9.583142e-05,3.268316e-02,1.184118e+00,7.724744e-01,6.173164e-01,-1.059293e+00,-2.683714e-01,-6.159077e-02,-1.403408e+00,-4.634933e-01,7.679393e-01,4.142152e-01,-1.435200e-01,-7.222224e-04,3.956382e-02,2.072757e+01
2.317140e-03,-3.904080e+00,-6.006984e-02,5.417305e+00,-4.840405e+00,-5.917929e+00,-2.335571e+01,-1.171285e+01,-7.996811e+00,3.248591e+00,-8.327704e+00,-1.587254e+01,-1.429087e+01,9.722222e-03,6.870801e-01,2.083266e+02,7.001194e-06,1.805445e-01,1.417379e+00,1.070724e+00,2.733240e-01,-1.610252e+00,-1.220390e-01,-3.198106e-01,-2.355698e-01,-8.616821e-01,8.123852e-01,7.382754e-01,5.753118e-01,-6.666667e-04,2.683599e-02,2.050549e+01
2.459275e-03,-3.477868e+00,2.026284e+00,6.944211e+00,-4.412513e+00,-8.993508e+00,-2.376766e+01,-1.162596e+01,-8.758918e+00,1.794284e+00,-7.686460e+00,-1.536256e+01,-1.375127e+01,8.750000e-03,7.049382e-01,2.072009e+02,2.024230e-05,3.497227e-01,1.620195e+00,1.012404e+00,1.817718e-01,-1.576847e+00,5.303173e-02,-2.303855e-01,4.162901e-01,-8.022490e-01,2.130402e-01,3.351372e-01,5.322695e-01,-9.722222e-04,7.221884e-03,1.372578e+01
2.487386e-03,-3.342296e+00,4.390850e+00,7.539093e+00,-4.788468e+00,-9.923368e+00,-2.343061e+01,-1.179209e+01,-6.049944e+00,1.829603e+00,-7.855063e+00,-1.443557e+01,-1.303387e+01,7.500000e-03,6.927691e-01,2.074422e+02,-4.572566e-05,3.113062e-01,1.355904e+00,9.223461e-01,1.038633e-01,-9.927946e-01,3.255243e-01,1.615505e-01,1.094306e+00,-1.124835e+00,-8.412693e-01,-4.427160e-01,3.201783e-01,-9.583331e-04,-6.788796e-03,4.818024e-01
2.370463e-03,-2.906328e+00,5.249369e+00,8.294352e+00,-4.785091e+00,-1.011907e+01,-2.357077e+01,-1.196746e+01,-6.104589e+00,9.164677e-01,-9.963292e+00,-1.582274e+01,-1.364580e+01,6.111111e-03,6.817241e-01,2.084318e+02,-7.850167e-05,-7.669687e-02,3.651263e-01,1.060542e+00,-3.707922e-01,3.638819e-01,1.043216e+00,2.834739e-01,1.382913e+00,-1.859832e+00,-9.263523e-01,-5.574802e-01,5.957328e-01,-9.722220e-05,-3.945552e-02,1.112888e+00
2.132918e-03,-2.633319e+00,5.107908e+00,9.353966e+00,-4.134799e+00,-1.031912e+01,-2.182654e+01,-1.073434e+01,-3.852445e+00,-1.936674e+00,-1.139563e+01,-1.785603e+01,-1.274271e+01,6.250000e-03,6.647432e-01,2.101201e+02,-3.289829e-05,-9.510153e-01,-1.839414e-01,1.365126e+00,-8.741848e-01,1.587328e+00,1.255337e+00,1.776087e-01,1.439580e+00,-2.641455e+00,-3.658977e-01,1.617644e-01,1.229488e+00,1.694444e-03,-7.193132e-02,-1.289479e+01
2.244001e-03,-4.215841e+00,3.493387e+00,1.133948e+01,-6.593308e+00,-6.976223e+00,-1.935362e+01,-1.073746e+01,-2.943102e+00,-5.621737e+00,-1.054794e+01,-1.643973e+01,-1.091819e+01,8.888889e-03,5.216736e-01,2.114264e+02,5.851570e-06,-1.814977e+00,-3.373891e-01,1.441812e+00,-1.354145e+00,2.810032e+00,4.728029e-01,-4.462774e-01,1.494358e+00,-2.304578e+00,8.998825e-01,1.623650e+00,1.589771e+00,3.472222e-03,-9.755920e-02,-3.434343e+01
2.386126e-03,-7.442616e+00,4.349134e+00,1.284216e+01,-8.255283e+00,-3.558154e+00,-1.926250e+01,-1.151905e+01,-4.327892e-01,-8.108570e+00,-9.392230e+00,-1.331825e+01,-8.250234e+00,1.458333e-02,4.131378e-01,1.414709e+02,-2.987851e-05,-1.815736e+00,-1.129986e-01,8.926827e-01,-1.141726e+00,2.624518e+00,-1.011379e+00,-1.396710e+00,9.323758e-01,-7.695134e-01,1.908521e+00,2.502939e+00,1.345320e+00,3.791667e-03,-7.415853e-02,-5.606274e+01
2.273117e-03,-9.576564e+00,3.941810e+00,1.375932e+01,-9.495575e+00,5.506026e-01,-2.248878e+01,-1.380650e+01,-3.426259e-01,-7.520476e+00,-6.465582e+00,-9.973380e+00,-7.943184e+00,1.930556e-02,3.197308e-01,7.103928e+01,-1.674416e-04,-1.082548e+00,4.256644e-02,8.154678e-02,-1.026608e-01,1.216731e+00,-2.028087e+00,-2.145543e+00,1.839847e-01,9.410731e-01,1.820912e+00,2.388137e+00,9.836925e-01,2.402778e-03,-2.673719e-02,-5.643237e+01
1.968967e-03,-9.031636e+00,4.318703e+00,1.260746e+01,-8.392295e+00,-9.599434e-01,-2.531586e+01,-1.618337e+01,-4.908035e-01,-4.834872e+00,-3.894204e+00,-8.574512e+00,-7.503613e+00,2.000000e-02,3.949220e-01,0,-2.632587e-04,-3.019443e-01,-2.235160e-01,-4.074630e-01,7.572321e-01,-2.111809e-01,-1.205292e+00,-2.065696e+00,-4.296080e-01,1.563801e+00,1.037707e+00,1.464772e+00,1.140879e+00,7.222224e-04,-5.803370e-03,-3.539812e+01
1.615373e-03,-8.834069e+00,3.721435e+00,1.186456e+01,-7.038106e+00,-2.191675e+00,-2.646737e+01,-1.913301e+01,-1.994171e+00,-2.553221e+00,-4.192387e+00,-6.870913e+00,-6.373034e+00,1.819444e-02,3.970955e-01,0,-2.932267e-04,-7.302666e-03,-3.161695e-01,-4.619326e-01,1.468383e+00,-1.138501e+00,5.165476e-01,-1.184467e+00,-5.692480e-01,1.532967e+00,5.153491e-02,-1.379431e-01,1.194612e+00,-1.527781e-04,-4.540551e-03,-1.420786e+01
1.398705e-03,-9.323585e+00,3.341742e+00,1.175222e+01,-5.697857e+00,-3.242920e+00,-2.329966e+01,-1.918427e+01,-1.755057e+00,-2.773194e+00,-5.340293e+00,-7.545622e+00,-3.330912e+00,1.875000e-02,3.454386e-01,0,-2.802321e-04,1.849768e-01,-3.842524e-01,-2.162746e-01,1.252812e+00,-9.349955e-01,2.387143e+00,3.243113e-01,-1.768738e-01,1.099234e+00,-1.761093e-01,-1.315308e+00,4.823123e-01,-4.305562e-04,-1.533675e-02,0
1.092115e-03,-9.467103e+00,2.849443e+00,1.187728e+01,-3.500878e+00,-4.000416e+00,-2.091413e+01,-1.822838e+01,-2.556739e+00,-8.864775e-01,-5.484863e+00,-1.117754e+01,-4.056475e+00,1.916667e-02,3.217697e-01,0,-2.194113e-04,6.918976e-01,-5.074272e-02,-7.753668e-02,8.427189e-01,-9.196776e-01,2.915021e+00,1.147672e+00,2.446592e-01,8.920065e-01,8.696432e-02,-1.710727e+00,-7.208121e-01,-1.222222e-03,1.379750e-02,0
8.294355e-04,-7.790236e+00,2.833437e+00,1.151973e+01,-3.896848e+00,-4.730550e+00,-1.615676e+01,-1.501413e+01,-1.093889e+00,-1.720733e-01,-4.128513e+00,-1.299774e+01,-6.250330e+00,1.736111e-02,3.559012e-01,0,-1.231017e-04,1.232577e+00,6.440321e-01,-5.984478e-02,2.368542e-01,-8.815712e-01,1.630851e+00,1.085905e+00,4.276264e-01,8.711150e-01,1.868022e-01,-6.840569e-01,-1.530659e+00,-2.361111e-03,5.294063e-02,0
8.029505e-04,-6.141256e+00,3.721874e+00,1.159312e+01,-3.725017e+00,-6.046248e+00,-1.546372e+01,-1.547972e+01,-1.101460e+00,6.062512e-01,-4.363456e+00,-1.269849e+01,-8.517385e+00,1.277778e-02,4.608518e-01,0,3.756854e-05,1.329434e+00,1.324394e+00,1.591005e-02,-1.512323e-01,-9.866281e-01,-9.709587e-01,6.424974e-01,4.127709e-02,6.318811e-01,-1.550631e-01,4.050632e-01,-1.326942e+00,-2.722222e-03,7.845230e-02,1.385281e+01
9.277784e-04,-4.823622e+00,6.125687e+00,1.159507e+01,-4.401516e+00,-6.627860e+00,-1.787062e+01,-1.512907e+01,-3.445647e-01,8.360167e-01,-4.966986e+00,-1.020543e+01,-8.753755e+00,1.013889e-02,5.406007e-01,0,1.989075e-04,9.007341e-01,1.839994e+00,1.607469e-01,-2.562529e-01,-1.011959e+00,-3.679713e+00,6.132449e-01,-1.286217e+00,6.777426e-01,-5.913878e-01,8.795236e-01,-9.956075e-01,-2.222222e-03,8.305512e-02,3.481674e+01
1.230786e-03,-4.303242e+00,7.825286e+00,1.191916e+01,-4.004705e+00,-7.984901e+00,-2.491200e+01,-1.495842e+01,-2.725016e+00,1.768883e+00,-5.840942e+00,-1.054838e+01,-9.439473e+00,9.166666e-03,6.216815e-01,6.926407e+01,2.986320e-04,3.508339e-01,1.907249e+00,4.275761e-01,-2.835546e-01,-4.714934e-01,-4.804437e+00,1.640926e+00,-2.641604e+00,2.013269e-01,-6.564971e-01,8.281727e-02,-6.345593e-01,-1.541667e-03,6.530802e-02,5.549058e+01
1.610055e-03,-4.205572e+00,9.981701e+00,1.216045e+01,-5.038269e+00,-8.821019e+00,-2.983119e+01,-1.220855e+01,-6.713194e+00,2.635324e+00,-6.346709e+00,-9.675176e+00,-1.076732e+01,8.055556e-03,6.907619e-01,1.394517e+02,3.158845e-04,8.059406e-02,1.478247e+00,7.127452e-01,6.269126e-02,3.758676e-01,-3.879403e+00,1.945629e+00,-3.250179e+00,-1.153375e-01,-5.984328e-01,-9.811651e-01,-5.278149e-02,-1.416667e-03,4.661115e-02,5.483392e+01
1.954972e-03,-4.696112e+00,1.133011e+01,1.344831e+01,-4.824414e+00,-7.307135e+00,-3.350562e+01,-8.735351e+00,-1.112516e+01,7.132323e-01,-6.956080e+00,-1.254953e+01,-1.068340e+01,6.111111e-03,7.123113e-01,2.077271e+02,2.519064e-04,1.526396e-01,9.613765e-01,7.061583e-01,1.051457e-01,1.103205e+00,-2.031765e+00,1.478825e+00,-2.426705e+00,-7.073745e-01,-3.293032e-01,-1.905006e+00,4.413167e-01,-1.402778e-03,2.507741e-02,3.283561e+01
2.145108e-03,-4.224217e+00,1.176451e+01,1.439422e+01,-3.678206e+00,-5.087405e+00,-3.297082e+01,-8.512465e+00,-1.239538e+01,7.871547e-01,-7.401581e+00,-1.411068e+01,-8.395700e+00,4.583333e-03,7.283416e-01,2.049381e+02,1.300553e-04,2.767303e-01,3.795185e-02,6.171697e-01,-9.519305e-02,1.159079e+00,3.214760e-02,1.564314e-01,-1.029257e+00,-1.558419e+00,-2.622674e-01,-2.014204e+00,6.321813e-01,-7.777779e-04,1.608562e-03,1.101078e+01
2.222792e-03,-3.530721e+00,1.174077e+01,1.433307e+01,-4.159008e+00,-4.335682e+00,-3.350101e+01,-9.412345e+00,-1.201744e+01,-8.439047e-01,-6.960022e+00,-1.785566e+01,-8.418701e+00,3.888889e-03,7.282786e-01,2.006989e+02,9.636847e-05,-2.381414e-01,-8.016434e-01,3.111523e-01,-1.035801e+00,9.529360e-01,1.529855e+00,-5.660962e-01,6.048011e-01,-2.260759e+00,-5.374811e-01,-5.626497e-01,6.010973e-01,8.194445e-04,-4.412891e-02,-2.636200e+00
2.126422e-03,-3.404615e+00,9.966134e+00,1.480392e+01,-5.846937e+00,-4.511353e+00,-2.967275e+01,-1.108790e+01,-1.141334e+01,-4.378205e+00,-7.656075e+00,-1.709313e+01,-8.738765e+00,5.277778e-03,6.908210e-01,1.980196e+02,3.131912e-05,-1.156843e+00,-1.371459e+00,-1.095829e-01,-1.708434e+00,8.221449e-01,2.022428e+00,1.226826e-01,1.405680e+00,-2.413641e+00,-4.373818e-01,1.277356e+00,1.176015e+00,2.902778e-03,-9.662938e-02,-1.484561e+01
2.446158e-03,-6.296619e+00,8.221084e+00,1.479922e+01,-8.919055e+00,-2.830481e+00,-2.750538e+01,-1.027812e+01,-8.592181e+00,-8.007882e+00,-9.516238e+00,-1.387155e+01,-7.506378e+00,9.861112e-03,5.104270e-01,1.980053e+02,2.053538e-05,-1.979630e+00,-1.210159e+00,-3.913885e-01,-1.322764e+00,9.960657e-01,1.703904e+00,1.371216e+00,2.022466e+00,-9.668773e-01,-3.461089e-02,2.596755e+00,2.170760e+00,5.250000e-03,-1.310540e-01,-3.344391e+01
2.190021e-03,-8.625481e+00,6.667055e+00,1.361323e+01,-9.840349e+00,-1.729280e+00,-2.585650e+01,-7.466167e+00,-7.079615e+00,-7.699063e+00,-8.310382e+00,-9.715953e+00,-2.971788e+00,1.611111e-02,3.541205e-01,1.320569e+02,9.585363e-05,-2.213826e+00,4.028306e-02,-7.491699e-01,-2.015287e-01,1.244690e+00,4.744963e-01,2.722708e+00,2.176507e+00,1.061727e+00,8.646685e-01,1.800901e+00,2.228460e+00,8.291667e-03,-1.189442e-01,-5.275837e+01
2.293669e-03,-1.081844e+01,7.339509e+00,1.297147e+01,-8.776122e+00,-7.463894e-01,-2.688962e+01,-4.367132e+00,-4.071975e+00,-4.017863e+00,-6.805923e+00,-8.560472e+00,-4.483880e-01,2.472222e-02,2.413590e-01,6.646078e+01,4.137210e-04,-2.142508e+00,1.486017e+00,-9.552584e-01,7.768263e-01,1.410467e+00,-9.217682e-02,2.732100e+00,1.875322e+00,2.313044e+00,9.636049e-01,7.854835e-01,1.269518e+00,1.259722e-02,-7.276700e-02,-5.280674e+01
2.681934e-03,-1.221284e+01,1.060834e+01,1.197195e+01,-6.926047e+00,6.700503e-01,-2.760815e+01,-4.298522e-01,-2.790903e+00,-1.064580e+00,-4.687891e+00,-1.074417e+01,-1.125460e+00,3.930556e-02,2.306340e-01,0,9.553781e-04,-2.300430e+00,2.437837e+00,-1.326752e+00,7.095224e-01,1.396141e+00,-6.084616e-01,1.536986e+00,1.454774e+00,1.983847e+00,1.207927e-01,4.120776e-01,4.400473e-01,1.681944e-02,-3.008683e-02,-3.305745e+01
4.268806e-03,-1.521548e+01,1.368053e+01,1.084357e+01,-6.492074e+00,3.022187e+00,-2.709044e+01,-1.357735e-01,-1.359928e+00,2.400963e-01,-6.509459e+00,-9.430028e+00,-2.081954e+00,6.125000e-02,2.083352e-01,0,1.322642e-03,-2.339691e+00,2.403645e+00,-1.560995e+00,1.171754e-01,7.149385e-01,-2.523430e-01,-1.367643e-01,6.760487e-01,9.007428e-01,-2.584279e-01,1.420106e+00,9.082354e-01,1.859722e-02,-3.340381e-03,-1.329216e+01
5.979342e-03,-1.792911e+01,1.568573e+01,8.043418e+00,-7.434761e+00,3.367136e+00,-2.879840e+01,-1.896916e+00,-1.161772e+00,9.119391e-02,-7.854650e+00,-7.220787e+00,4.523118e-02,8.194444e-02,2.201982e-01,0,1.335649e-03,-2.031759e+00,1.747068e+00,-1.503155e+00,-4.590435e-02,-2.700548e-01,-3.570290e-02,-1.376594e+00,4.874793e-01,2.493864e-01,-2.450933e-01,2.329177e+00,1.819171e+00,1.637500e-02,4.626897e-03,0
7.258173e-03,-1.965876e+01,1.681904e+01,7.130762e+00,-7.935888e+00,1.479761e+00,-2.755621e+01,-4.317421e+00,-1.506297e+00,-9.203535e-02,-6.514683e+00,-3.221634e+00,3.507443e+00,9.638888e-02,2.298750e-01,0,9.426925e-04,-1.405980e+00,1.199733e+00,-9.323675e-01,4.812524e-01,-7.458398e-01,5.665420e-01,-1.097557e+00,4.880435e-01,2.128271e-01,6.542760e-01,1.808920e+00,1.624754e+00,1.177778e-02,2.091451e-03,0
7.865498e-03,-2.014999e+01,1.777442e+01,6.312579e+00,-6.433662e+00,9.098971e-02,-2.755378e+01,-5.221998e+00,-2.803217e-01,3.484180e-01,-5.910745e+00,-2.202484e+00,5.175696e+00,1.036111e-01,2.429986e-01,0,3.344910e-04,-8.982117e-01,4.062138e-01,-2.348691e-01,1.366927e+00,-4.853966e-01,1.444943e+00,-2.458371e-01,1.187328e+00,-4.907437e-02,5.396479e-01,9.200166e-01,3.590128e-01,7.041668e-03,-4.013161e-03,0
8.039190e-03,-2.113494e+01,1.863484e+01,7.047152e+00,-4.586362e+00,9.310615e-01,-2.488004e+01,-3.961018e+00,6.395651e-01,1.175620e+00,-4.210032e+00,-2.894580e+00,3.476583e+00,1.093056e-01,2.073923e-01,0,-3.024743e-04,-6.180271e-01,-5.678503e-01,1.599097e-02,1.596840e+00,2.675186e-01,1.949023e+00,2.988608e-01,1.784903e+00,-5.231362e-01,5.693780e-01,1.612533e-01,-3.951301e-01,3.291669e-03,-5.747502e-03,0
7.261289e-03,-2.168208e+01,1.680890e+01,6.910877e+00,-2.274891e+00,1.214502e+00,-2.291177e+01,-3.304303e+00,3.701938e+00,-7.880055e-01,-6.308736e+00,-2.784230e+00,1.855725e+00,1.106944e-01,2.113738e-01,0,-8.878423e-04,2.234345e-02,-1.392210e+00,-4.155429e-01,1.364832e+00,2.134634e-01,2.554920e+00,-1.562006e-01,1.596637e+00,-1.004146e+00,6.324955e-01,3.149905e-02,-3.701521e-01,-1.083334e-03,1.018168e-03,0
6.047906e-03,-2.198285e+01,1.446255e+01,6.911567e+00,-2.031073e+00,2.255597e+00,-2.013210e+01,-3.781964e+00,5.427088e+00,-2.139504e+00,-3.468797e+00,-2.124494e+00,3.191778e+00,1.093056e-01,2.169499e-01,0,-1.210896e-03,1.349630e+00,-1.812448e+00,-1.596676e+00,6.693574e-01,-3.319310e-01,2.226843e+00,-1.377214e+00,5.978971e-01,-8.112011e-01,8.744997e-01,-3.645120e-01,-3.738667e-01,-7.277779e-03,1.275414e-02,0
4.421929e-03,-1.961432e+01,1.289952e+01,4.302657e+00,-8.871462e-01,4.960386e-01,-1.715315e+01,-6.092528e+00,5.309103e+00,-3.014750e+00,-3.118885e+00,-2.430032e+00,3.467338e+00,9.819444e-02,2.433106e-01,0,-1.153481e-03,2.704108e+00,-1.856778e+00,-2.586895e+00,-5.116187e-02,-8.484429e-01,1.664881e+00,-2.173272e+00,-7.432186e-01,-2.418624e-01,9.022201e-01,-1.470536e+00,-1.565480e+00,-1.456945e-02,1.345550e-02,0
3.404390e-03,-1.542067e+01,1.152729e+01,3.678837e-01,-1.933447e+00,-3.693617e-01,-1.662513e+01,-9.452973e+00,2.825468e+00,-1.767014e+00,-1.432459e+00,-4.894239e+00,8.014431e-01,7.916667e-02,2.551945e-01,0,-8.514950e-04,3.423229e+00,-2.133921e+00,-2.692494e+00,-5.044427e-01,-1.194278e+00,1.011171e+00,-2.217891e+00,-1.149834e+00,-5.503063e-02,-2.184080e-01,-2.164571e+00,-3.181408e+00,-1.927778e-02,1.699948e-02,0
2.815642e-03,-1.144263e+01,8.992637e+00,-2.751753e+00,-2.579514e+00,-1.715233e+00,-1.634084e+01,-1.133516e+01,1.286654e+00,-2.183563e+00,-2.815804e+00,-8.752035e+00,-4.776507e+00,5.291666e-02,2.595289e-01,0,-4.887826e-04,2.794899e+00,-2.563542e+00,-1.532685e+00,-7.326819e-01,-7.210184e-01,9.795128e-01,-1.708525e+00,-1.120801e+00,-1.211308e-01,-1.256958e+00,-1.903778e+00,-3.441168e+00,-1.813889e-02,1.681238e-02,0
2.593574e-03,-8.952549e+00,5.746385e+00,-3.023700e+00,-3.707103e+00,-2.610155e+00,-1.548240e+01,-1.225010e+01,1.689140e+00,-2.830251e+00,-4.712378e+00,-9.786350e+00,-8.593342e+00,3.555556e-02,2.938381e-01,0,-2.781608e-04,1.495887e+00,-2.630073e+00,-6.548045e-02,-6.404927e-01,-4.187504e-01,1.564480e+00,-1.057181e+00,-8.329792e-01,-5.797021e-02,-2.026982e+00,-7.505528e-01,-2.642590e+00,-1.208333e-02,1.488694e-02,0
2.383424e-03,-8.873878e+00,2.972261e+00,-1.664977e+00,-3.663728e+00,-1.988657e+00,-1.282695e+01,-1.323659e+01,2.732634e-01,-3.088785e+00,-7.763717e+00,-9.502869e+00,-9.041112e+00,2.930555e-02,3.080508e-01,0,-1.807268e-04,3.853344e-01,-2.233297e+00,6.324457e-01,-7.303032e-01,4.853132e-02,1.912755e+00,-8.641917e-01,-8.166980e-01,9.630707e-01,-1.532276e+00,1.150405e-01,-1.310173e+00,-5.305556e-03,3.831574e-03,0
2.229695e-03,-9.225609e+00,1.387117e+00,-5.029061e-01,-4.593804e+00,-2.326402e+00,-1.055968e+01,-1.378816e+01,-8.327326e-01,-1.604254e+00,-9.093411e+00,-8.271586e+00,-1.027921e+01,3.055556e-02,3.053683e-01,0,-1.720246e-04,9.349184e-02,-1.351543e+00,5.667495e-01,-6.694643e-01,-3.117338e-01,1.454479e+00,-5.664837e-01,-1.074226e+00,2.075973e+00,-6.412883e-02,-8.469419e-02,-4.971831e-01,-2.541667e-03,-6.844017e-03,0
2.093948e-03,-9.379430e+00,5.787144e-03,-8.499210e-01,-5.787679e+00,-1.614453e+00,-9.238425e+00,-1.488709e+01,-1.535899e+00,2.018792e+00,-8.286667e+00,-8.934215e+00,-1.048444e+01,2.888889e-02,2.729217e-01,0,-1.723799e-04,5.026296e-01,-3.759912e-01,3.231142e-01,-4.731397e-01,-9.067881e-01,3.116873e-01,-7.349100e-02,-1.226905e+00,2.051712e+00,1.064285e+00,-8.727965e-01,-1.631447e-01,-3.138889e-03,-8.137196e-04,0
1.878189e-03,-8.232314e+00,4.719057e-01,-5.974810e-01,-5.992449e+00,-4.355926e+00,-1.000426e+01,-1.425727e+01,-2.777411e+00,4.995827e+00,-4.771547e+00,-1.049415e+01,-1.035759e+01,2.305556e-02,2.771826e-01,0,-1.676800e-04,9.423404e-01,4.356377e-01,3.212272e-01,-1.600143e-01,-1.132445e+00,-3.210179e-01,-1.205711e-02,-1.973682e+00,7.185425e-01,1.380191e+00,-1.629278e+00,1.724248e-01,-4.402778e-03,2.114576e-02,0
1.697278e-03,-6.857378e+00,1.549911e+00,-2.118886e-03,-5.330104e+00,-5.507835e+00,-1.154622e+01,-1.336949e+01,-4.888923e+00,3.869732e+00,-4.603224e+00,-1.275557e+01,-9.817641e+00,1.736111e-02,3.180750e-01,0,-1.347067e-04,1.023903e+00,8.473620e-01,4.530063e-01,-4.477395e-01,-1.197165e+00,-5.552441e-01,-2.419921e-01,-2.431990e+00,-6.109803e-01,1.445803e+00,-1.495116e+00,-5.554018e-02,-4.097222e-03,4.485332e-02,0
1.589630e-03,-5.774933e+00,2.793243e+00,6.793287e-01,-5.622663e+00,-6.041937e+00,-1.101087e+01,-1.460725e+01,-9.024632e+00,1.062989e+00,-4.034180e+00,-1.450730e+01,-9.750481e+00,1.430556e-02,3.885205e-01,0,-1.045806e-04,7.606573e-01,7.268718e-01,4.618134e-01,-9.304090e-01,-9.800272e-01,-3.511133e-02,-7.105993e-01,-2.363940e+00,-7.810491e-01,1.583325e+00,-8.454957e-01,-2.713749e-01,-2.625000e-03,5.564318e-02,0
1.564694e-03,-5.488603e+00,3.081928e+00,7.767056e-01,-8.211269e+00,-6.757273e+00,-1.151134e+01,-1.592206e+01,-1.057224e+01,9.303095e-01,-1.426337e+00,-1.440322e+01,-1.106570e+01,1.277778e-02,4.415194e-01,0,-9.934104e-05,4.590840e-01,4.595558e-01,2.325783e-01,-1.012797e+00,-1.108048e+00,-2.365133e-01,-3.644396e-01,-1.189698e+00,3.665271e-01,2.031285e+00,7.836552e-02,-6.727391e-01,-1.125000e-03,5.066756e-02,0
1.421578e-03,-5.113415e+00,3.340256e+00,1.322174e+00,-9.203911e+00,-8.631343e+00,-1.019726e+01,-1.653398e+01,-1.175545e+01,2.560292e+00,1.556635e+00,-1.389780e+01,-1.109044e+01,1.222222e-02,4.936763e-01,0,-1.091408e-04,2.489671e-01,3.798494e-01,2.669374e-01,-3.649870e-01,-7.672464e-01,-8.639482e-01,3.206884e-01,1.945240e-01,1.183152e+00,1.300179e+00,6.868836e-01,-7.880626e-01,-2.777763e-05,3.858150e-02,0
1.284598e-03,-4.892717e+00,3.574184e+00,8.393502e-01,-8.603464e+00,-9.753370e+00,-1.313559e+01,-1.422832e+01,-9.472003e+00,4.953716e+00,2.757794e+00,-1.266849e+01,-1.251136e+01,1.277778e-02,5.188349e-01,0,-1.142147e-04,1.998891e-01,5.993703e-01,4.874463e-01,3.566719e-01,1.752638e-01,-1.346499e+00,6.276571e-01,6.575372e-01,8.066524e-01,-2.751101e-02,1.225315e+00,-5.287542e-01,4.999999e-04,2.866434e-02,0
1.183974e-03,-4.828041e+00,4.446363e+00,1.982694e+00,-7.251501e+00,-8.380120e+00,-1.451849e+01,-1.385067e+01,-8.602131e+00,4.967046e+00,3.746485e-01,-1.194024e+01,-1.296796e+01,1.416667e-02,5.427702e-01,0,-9.775587e-05,8.498287e-02,6.837288e-01,8.822712e-01,5.156286e-01,1.176123e+00,-1.369757e+00,7.471868e-01,1.190442e-01,-5.084447e-01,-1.211997e+00,1.491353e+00,-9.733105e-02,1.527777e-04,1.405315e-02,0
1.112422e-03,-4.631845e+00,5.525726e+00,2.883677e+00,-7.404115e+00,-6.006566e+00,-1.608322e+01,-1.412543e+01,-8.861216e+00,3.760195e+00,-9.728990e-01,-9.255424e+00,-1.277071e+01,1.430556e-02,5.602941e-01,0,-7.576775e-05,-1.115398e-02,3.195090e-01,9.599165e-01,4.515475e-01,1.495017e+00,-4.065646e-01,6.453716e-01,-5.499479e-01,-1.543371e+00,-1.682505e+00,1.683621e+00,6.675507e-01,-6.666668e-04,-7.032913e-03,0
1.018887e-03,-4.818937e+00,5.783128e+00,4.711366e+00,-7.225442e+00,-4.624130e+00,-1.557223e+01,-1.284949e+01,-1.146563e+01,6.148293e-01,-2.638006e+00,-8.147569e+00,-1.144742e+01,1.222222e-02,5.432125e-01,0,-5.992114e-05,-4.478035e-02,-5.371714e-01,4.366252e-01,7.022456e-01,1.002983e+00,2.788905e-01,9.365638e-01,-5.470063e-01,-1.495999e+00,-1.214271e+00,1.655187e+00,9.816119e-01,-1.250000e-03,-2.771588e-02,0
9.883031e-04,-4.953039e+00,4.503346e+00,4.274597e+00,-6.358756e+00,-4.156278e+00,-1.464155e+01,-1.150205e+01,-1.078999e+01,-5.870295e-01,-4.148403e+00,-6.146723e+00,-9.933873e+00,1.041667e-02,4.834493e-01,0,-2.309950e-05,1.396308e-01,-1.646985e+00,-1.725741e-01,1.363236e+00,-3.080869e-02,5.597937e-01,8.631262e-01,3.444448e-01,-6.003600e-01,-6.282927e-01,1.626150e+00,8.576066e-01,-7.361110e-04,-3.394737e-02,0
9.464274e-04,-4.891346e+00,2.271696e+00,3.470360e+00,-4.262952e+00,-4.290347e+00,-1.384487e+01,-1.047954e+01,-1.037277e+01,-3.393356e-01,-4.108957e+00,-5.218658e+00,-9.478320e+00,9.861112e-03,4.426132e-01,0,4.009074e-05,5.919878e-01,-2.444108e+00,-7.157319e-01,1.968874e+00,-1.027103e+00,-1.184693e-01,3.526863e-01,1.463643e+00,4.556541e-01,3.632147e-02,1.769513e+00,3.693862e-01,4.999999e-04,-1.339433e-02,0
1.033154e-03,-3.897486e+00,-9.534822e-01,2.641310e+00,-2.069181e+00,-6.327501e+00,-1.414793e+01,-1.099477e+01,-7.685419e+00,1.235478e+00,-3.378887e+00,-2.589130e+00,-9.467224e+00,1.180556e-02,4.408568e-01,0,1.199094e-04,1.011382e+00,-2.798464e+00,-6.580194e-01,2.489938e+00,-1.688310e+00,-1.269929e+00,-4.096119e-01,2.233391e+00,8.404332e-01,8.724840e-02,1.356706e+00,1.429272e-02,1.527777e-03,1.341149e-02,0
1.196915e-03,-2.386774e+00,-3.709000e+00,1.949350e+00,4.741409e-01,-8.674033e+00,-1.641138e+01,-1.133970e+01,-5.699699e+00,1.981846e+00,-2.841157e+00,-1.078800e+00,-9.833816e+00,1.402778e-02,4.975370e-01,0,1.624417e-04,1.180698e+00,-2.465622e+00,-2.370881e-01,2.805293e+00,-1.981016e+00,-2.336189e+00,-8.617100e-01,2.680501e+00,7.032531e-01,-4.954364e-01,7.138962e-01,5.785546e-01,1.722222e-03,2.340543e-02,0
1.462606e-03,-1.148413e+00,-6.498625e+00,1.745004e+00,3.722387e+00,-1.040598e+01,-1.970793e+01,-1.312003e+01,-1.959575e+00,2.454546e+00,-4.346061e+00,-1.433123e+00,-9.684662e+00,1.597222e-02,5.230448e-01,0,9.538115e-05,8.683839e-01,-1.560842e+00,4.488827e-01,2.974366e+00,-1.390652e+00,-2.352908e+00,-8.757168e-01,2.392407e+00,4.187295e-01,-8.166639e-01,-2.401444e-01,1.059283e+00,9.861111e-04,1.015342e-02,0
1.543910e-03,-3.623933e-01,-7.283842e+00,2.733072e+00,6.867728e+00,-1.215619e+01,-2.274582e+01,-1.372546e+01,1.668095e-01,2.567396e+00,-6.102552e+00,-2.227181e+00,-6.476828e+00,1.638889e-02,5.185464e-01,0,-3.584545e-05,4.369565e-01,-5.256072e-01,1.056020e+00,2.703326e+00,-6.073902e-01,-1.335712e+00,-5.865561e-01,1.336588e+00,4.977713e-02,-8.643299e-01,-7.861133e-01,1.500949e+00,6.944472e-05,-1.444503e-02,0
1.336562e-03,-5.677572e-01,-6.970271e+00,4.493862e+00,9.605858e+00,-1.153968e+01,-2.274525e+01,-1.418048e+01,1.343361e+00,3.036350e+00,-5.831509e+00,-3.215662e+00,-5.849306e+00,1.555556e-02,4.811192e-01,0,-1.549190e-04,2.183686e-01,2.762536e-01,1.115818e+00,1.699001e+00,2.102403e-01,-2.214911e-01,-3.537060e-01,-3.247846e-01,-1.437003e-01,-9.948516e-02,-1.178395e+00,9.142967e-01,-6.805553e-04,-2.074721e-02,0
1.080709e-03,-4.923197e-01,-6.101214e+00,5.855022e+00,1.104904e+01,-1.114413e+01,-2.157128e+01,-1.374226e+01,-6.682277e-01,1.939829e+00,-6.420082e+00,-4.118097e+00,-4.246749e+00,1.458333e-02,4.462747e-01,0,-1.758341e-04,3.351092e-01,4.810212e-01,6.581573e-01,4.776950e-01,8.833855e-01,4.604984e-01,-7.582331e-02,-1.928165e+00,-5.273770e-01,8.405018e-03,-1.364345e+00,2.370445e-01,-7.361107e-04,-4.128250e-03,0
9.196119e-04,8.392970e-03,-5.708671e+00,5.763119e+00,1.012674e+01,-9.860808e+00,-2.140266e+01,-1.488017e+01,-3.165979e+00,2.049827e+00,-4.684721e+00,-6.379638e+00,-6.228218e+00,1.347222e-02,4.554446e-01,0,-1.294542e-04,3.157840e-01,4.330401e-01,4.225888e-01,-8.607318e-01,1.200286e+00,3.999950e-01,-1.043892e-02,-2.226673e+00,-3.298566e-01,-1.579441e-01,-7.468293e-01,8.482842e-02,-8.333325e-05,1.450640e-02,0
8.732147e-04,1.025077e+00,-5.509535e+00,5.389231e+00,8.995763e+00,-8.578696e+00,-2.111463e+01,-1.375474e+01,-7.219347e+00,4.237718e-01,-6.633921e+00,-7.466919e+00,-5.102149e+00,1.375000e-02,5.107425e-01,0,1.359395e-04,-1.064257e+00,3.522665e-01,1.037510e+00,-2.285758e+00,1.811255e+00,6.961569e-01,1.749622e-01,-1.162145e+00,3.146472e-01,-6.527154e-01,6.315157e-01,3.481905e-01,2.402778e-03,9.985059e-03,0
7.930387e-04,2.524642e-01,-5.100910e+00,6.839702e+00,6.328836e+00,-6.820972e+00,-2.097361e+01,-1.422643e+01,-6.514443e+00,2.145096e+00,-6.514310e+00,-5.275397e+00,-4.997463e+00,1.555556e-02,5.214173e-01,0,1.636618e-03,-3.593949e+00,8.247175e-01,2.231506e+00,-3.838846e+00,2.228204e+00,1.424561e+00,-6.440411e-02,1.250195e+00,8.960550e-01,-1.271263e+00,2.054093e+00,3.346670e-01,7.097222e-03,8.718988e-03,0
1.823694e-03,-5.935642e+00,-4.643762e+00,1.050428e+01,1.519199e+00,-3.607777e+00,-1.830502e+01,-1.319432e+01,-4.804719e+00,3.465431e+00,-8.768865e+00,-1.512638e+00,-3.121174e+00,2.555556e-02,4.632136e-01,0,3.404739e-03,-6.011054e+00,1.336364e+00,2.984302e+00,-4.780354e+00,2.609298e+00,2.054623e+00,-4.985894e-01,3.726966e+00,1.555092e+00,-1.134061e+00,2.770331e+00,-5.538673e-01,1.241667e-02,2.051686e-02,1.241232e+01
8.627462e-03,-1.448099e+01,-2.017970e+00,1.436313e+01,-5.329211e+00,-1.205249e+00,-1.568465e+01,-1.548240e+01,1.877683e+00,5.009273e+00,-9.973564e+00,9.136882e-01,-5.545371e+00,4.305555e-02,5.228040e-01,0,4.028148e-03,-6.456577e+00,1.833579e+00,2.560969e+00,-4.137471e+00,2.472891e+00,2.189021e+00,-4.289303e-01,4.775800e+00,9.750754e-01,-7.224914e-01,2.552787e+00,-1.109284e+00,1.518056e-02,3.805447e-02,3.205968e+01
1.397970e-02,-2.166347e+01,-3.691843e-01,1.654903e+01,-9.076987e+00,1.659930e+00,-1.348599e+01,-1.561970e+01,7.219422e+00,6.767142e+00,-1.057460e+01,3.290192e+00,-7.597532e+00,6.208333e-02,6.126335e-01,6.206161e+01,2.315127e-03,-4.727642e+00,1.580498e+00,9.474717e-01,-2.554348e+00,1.548157e+00,1.283002e+00,-1.999401e-01,4.042998e+00,6.657142e-01,6.616960e-01,2.005613e+00,-2.157196e-01,1.345833e-02,2.882296e-02,3.878027e+01
1.485578e-02,-2.416651e+01,1.929696e+00,1.662218e+01,-9.060427e+00,2.909631e+00,-1.243802e+01,-1.515839e+01,1.135249e+01,5.369617e+00,-9.223901e+00,5.087124e+00,-8.305702e+00,7.319445e-02,6.369798e-01,1.292676e+02,-6.383153e-04,-2.553126e+00,1.144785e+00,-6.722871e-01,-1.000943e+00,7.149968e-01,1.274805e-01,2.982273e-01,1.449572e+00,4.779568e-02,1.728288e+00,1.128606e+00,1.645419e+00,9.069446e-03,-2.139557e-02,2.016179e+01
1.028517e-02,-2.473109e+01,1.284896e+00,1.411211e+01,-9.386932e+00,2.075568e+00,-1.351333e+01,-1.435602e+01,1.067287e+01,6.613830e+00,-5.835217e+00,6.428709e+00,-2.819606e+00,7.777778e-02,5.502405e-01,1.292676e+02,-2.093927e-03,-1.060209e+00,1.059869e+00,-1.612296e+00,-4.143189e-01,4.357555e-02,-7.915330e-01,3.781820e-01,-8.637041e-01,-6.897177e-01,1.969470e+00,1.242407e-01,2.606418e+00,5.124999e-03,-5.929603e-02,-1.861848e+01
7.283150e-03,-2.571281e+01,2.878913e+00,1.222015e+01,-1.017896e+01,2.161916e+00,-1.503358e+01,-1.462310e+01,7.398819e+00,5.324907e+00,-3.701815e+00,4.987460e+00,2.927624e-01,8.055556e-02,4.470226e-01,6.720596e+01,-1.712370e-03,-6.601063e-01,1.348762e+00,-1.324585e+00,-1.721950e-01,-3.097060e-01,-1.726868e+00,3.360192e-01,-1.847159e+00,-1.029347e+00,1.635048e+00,-1.064063e+00,1.765591e+00,3.597219e-03,-7.282446e-02,-3.878027e+01
7.296376e-03,-2.619136e+01,4.455554e+00,1.068856e+01,-1.058932e+01,2.251665e+00,-1.614587e+01,-1.399644e+01,4.877737e+00,3.340909e+00,-3.488291e+00,3.961228e+00,1.135326e+00,8.402777e-02,4.111319e-01,0,-2.583554e-04,-5.734926e-01,1.882273e+00,-4.949544e-01,-5.250950e-02,-5.335993e-01,-2.067065e+00,4.940376e-01,-1.604014e+00,-1.532917e+00,1.130449e+00,-1.664397e+00,-1.816559e-02,3.444444e-03,-5.733351e-02,-3.257411e+01
7.788327e-03,-2.673691e+01,7.088178e+00,1.171102e+01,-9.320210e+00,1.273052e+00,-1.975609e+01,-1.365809e+01,5.014259e+00,1.859343e+00,-2.222123e+00,1.000550e+00,-1.455213e+00,8.805555e-02,3.424118e-01,0,5.408723e-04,-5.305204e-01,1.671139e+00,1.030743e-01,-1.506139e-01,-1.008734e+00,-1.987274e+00,3.370644e-01,-4.608556e-01,-9.082268e-01,8.269924e-01,-1.060975e+00,-5.496989e-01,3.138889e-03,-3.670742e-02,-1.344119e+01
8.740804e-03,-2.708651e+01,8.591628e+00,1.189190e+01,-1.007885e+01,-1.479962e-01,-2.148740e+01,-1.236834e+01,3.845078e+00,6.820268e-01,-9.228160e-01,1.001795e-01,-2.036446e+00,9.125000e-02,3.158784e-01,0,3.095670e-04,-3.513170e-01,1.007806e+00,5.083227e-01,-1.300496e-01,-9.972523e-01,-1.027788e-01,1.045732e-01,2.586781e-01,-4.129236e-01,9.634371e-02,-6.821525e-03,4.106044e-01,1.958335e-03,-2.296079e-02,0
9.265297e-03,-2.791784e+01,9.166574e+00,1.213385e+01,-1.118726e+01,-1.681925e+00,-2.229919e+01,-1.375183e+01,5.610870e+00,2.113214e+00,-8.495901e-01,1.613109e+00,-8.698463e-01,9.263889e-02,3.111122e-01,0,-4.751336e-04,-8.195534e-02,7.818957e-02,5.107926e-01,3.917584e-01,-7.444025e-01,2.658932e+00,6.704216e-02,7.311942e-01,-3.594884e-01,-7.695038e-01,5.297920e-01,1.247305e+00,6.666683e-04,-1.401405e-02,0
8.105726e-03,-2.735748e+01,8.455385e+00,1.301877e+01,-1.030604e+01,-1.257108e+00,-1.538822e+01,-1.342670e+01,5.872822e+00,1.149355e+00,-3.692839e+00,3.620841e+00,2.895664e+00,9.152778e-02,3.119777e-01,0,-1.275511e-03,2.520691e-01,-5.049053e-01,6.699755e-01,1.240856e+00,-6.101272e-01,4.695755e+00,9.506913e-02,9.970509e-01,-1.736869e-01,-8.257307e-01,7.763655e-02,7.357476e-01,-2.222218e-04,-8.401066e-04,0
5.730198e-03,-2.701120e+01,7.547247e+00,1.370156e+01,-7.247823e+00,-1.894405e+00,-9.511020e+00,-1.279369e+01,7.656358e+00,-1.717635e-01,-4.684630e+00,1.889179e+00,2.315259e+00,9.125000e-02,2.742919e-01,0,-1.633584e-03,5.205833e-01,-5.484937e-01,6.361088e-01,1.774591e+00,-6.275158e-01,4.679169e+00,5.760382e-01,3.048761e-01,-1.701560e-01,8.660896e-02,-6.702683e-01,-5.182214e-01,-8.472212e-04,9.761167e-03,0
4.130796e-03,-2.627948e+01,6.876764e+00,1.445793e+01,-5.844291e+00,-3.092392e+00,-4.402706e+00,-1.237206e+01,7.807588e+00,9.560812e-01,-3.133949e+00,3.503273e-01,4.973968e-02,9.083334e-02,3.300880e-01,0,-1.352712e-03,6.364927e-01,-1.891149e-01,4.004640e-01,1.255457e+00,-9.651703e-01,2.372755e+00,1.896767e-01,2.238750e-04,6.407655e-01,1.011979e+00,-4.976603e-01,-1.122475e+00,-1.500002e-03,2.667146e-02,0
3.084843e-03,-2.585392e+01,7.213416e+00,1.459481e+01,-4.545175e+00,-3.901862e+00,-4.396099e+00,-1.139896e+01,6.167868e+00,1.359071e+00,-6.959901e-01,-1.029757e-01,-2.037991e+00,8.875000e-02,3.508629e-01,0,-8.909353e-04,8.899418e-01,3.654967e-01,1.479967e-01,5.524522e-01,-7.210023e-01,3.696840e-01,-3.847376e-01,-6.799060e-01,1.176714e+00,1.403517e+00,5.433340e-01,-1.435983e-01,-2.277779e-03,2.601071e-02,0
2.664843e-03,-2.475366e+01,7.676727e+00,1.457446e+01,-5.380080e+00,-5.079231e+00,-6.081903e+00,-1.317568e+01,6.618186e+00,3.587765e+00,-6.272648e-01,2.128616e+00,-5.400863e-01,8.527777e-02,4.070495e-01,0,-5.898792e-04,8.877376e-01,7.802386e-01,1.155205e-02,-1.691732e-01,-3.960145e-01,-8.294998e-01,-7.603462e-01,-7.392041e-01,9.217194e-01,1.076117e+00,1.298195e+00,9.691907e-01,-2.194445e-03,6.868782e-03,0
2.008498e-03,-2.332440e+01,8.974750e+00,1.438327e+01,-4.717668e+00,-4.505997e+00,-6.823001e+00,-1.431557e+01,4.851529e+00,4.395963e+00,1.079611e+00,3.716705e+00,1.892180e+00,8.263889e-02,3.658647e-01,0,-4.292758e-04,6.824423e-01,7.960745e-01,1.167227e-01,-6.028974e-01,4.598761e-02,-5.935768e-01,-5.055341e-01,-7.326900e-01,6.420164e-02,4.539985e-01,9.737824e-01,1.520527e+00,-1.319444e-03,-9.887328e-03,0
1.719572e-03,-2.310555e+01,9.897290e+00,1.462146e+01,-6.603910e+00,-4.770397e+00,-7.336754e+00,-1.471548e+01,4.769737e+00,4.046233e+00,1.358834e+00,4.931460e+00,2.930608e+00,8.291667e-02,3.569311e-01,0,-3.180624e-04,3.641168e-01,1.353062e-01,-7.083502e-02,-1.263302e-01,2.076878e-01,-1.445437e+00,9.941673e-02,-2.437001e-01,-8.945042e-01,-3.094138e-01,-1.733816e-01,8.849601e-01,-3.749989e-04,-2.396139e-02,0
1.411100e-03,-2.326576e+01,1.008351e+01,1.515493e+01,-6.947746e+00,-3.826341e+00,-6.736557e+00,-1.315673e+01,3.428642e+00,1.450846e+00,5.809529e-01,3.364514e+00,3.829297e+00,8.333334e-02,3.264855e-01,0,-1.630086e-04,5.486601e-01,-9.135500e-01,-3.795520e-01,9.187508e-01,-5.669417e-02,-3.322121e+00,9.723854e-02,4.470437e-01,-1.610304e+00,-1.719689e+00,-1.274161e+00,-2.036306e-01,-1.513890e-03,-2.318716e-02,0
1.373230e-03,-2.296239e+01,7.798879e+00,1.383446e+01,-4.896692e+00,-4.380620e+00,-1.335231e+01,-1.325802e+01,6.111129e+00,5.878032e-01,-1.925005e+00,1.437804e+00,2.916156e+00,8.305556e-02,3.069322e-01,0,-1.890184e-05,1.627009e+00,-1.622932e+00,-3.197478e-01,2.116531e+00,-9.938402e-01,-5.294044e+00,-3.328186e-01,7.101595e-01,-2.263064e+00,-2.458142e+00,-1.370310e+00,-1.370009e+00,-6.166668e-03,-1.170107e-02,0
1.366627e-03,-2.065268e+01,5.456205e+00,1.287901e+01,-9.775233e-01,-4.984356e+00,-2.042583e+01,-1.455811e+01,6.416051e+00,-1.926341e+00,-5.876917e+00,-9.072735e-01,8.812531e-01,7.500000e-02,2.749283e-01,0,1.360130e-04,2.865238e+00,-1.607074e+00,5.299037e-01,1.947640e+00,-2.254366e+00,-5.564645e+00,-4.006335e-01,2.898586e-01,-3.274679e+00,-2.572447e+00,-2.812000e-01,-2.275618e+00,-1.248611e-02,3.291768e-03,0
1.647300e-03,-1.627705e+01,4.096283e+00,1.416067e+01,9.936326e-01,-9.160590e+00,-2.696234e+01,-1.567889e+01,6.826830e+00,-5.580496e+00,-7.702940e+00,2.158017e-01,-2.445418e+00,5.625000e-02,3.242043e-01,0,2.376884e-04,3.550382e+00,-9.839541e-01,1.763877e+00,5.046751e-01,-3.288623e+00,-3.741238e+00,1.304426e-02,-8.300993e-01,-4.295437e+00,-1.305057e+00,9.411876e-01,-2.748829e+00,-1.693056e-02,1.361117e-02,0
1.954130e-03,-1.228224e+01,3.899436e+00,1.764134e+01,-1.547070e-01,-1.270819e+01,-2.775477e+01,-1.394946e+01,4.520085e+00,-1.183840e+01,-9.392315e+00,2.569515e+00,-4.868005e+00,3.430555e-02,3.343082e-01,0,2.387577e-04,3.172985e+00,-3.975769e-01,2.318742e+00,-6.629113e-01,-3.475180e+00,-1.878171e+00,6.276435e-01,-1.435460e+00,-3.774281e+00,3.665832e-01,1.661669e+00,-2.428734e+00,-1.602778e-02,6.172297e-03,0
2.267921e-03,-9.395702e+00,3.657493e+00,2.027268e+01,-2.784724e+00,-1.696182e+01,-2.839403e+01,-1.349712e+01,2.908616e+00,-1.593335e+01,-6.692591e+00,4.405347e+00,-7.953362e+00,1.875000e-02,3.452981e-01,0,1.271110e-04,1.931314e+00,9.576090e-02,2.129985e+00,-9.133560e-01,-2.327398e+00,-8.718204e-01,7.375027e-01,-1.973737e+00,-2.434762e+00,1.182597e+00,9.582098e-01,-1.433136e+00,-1.037500e-02,-8.248267e-03,0
2.250105e-03,-8.228428e+00,3.687716e+00,2.141672e+01,-2.402901e+00,-1.845964e+01,-2.910084e+01,-1.251077e+01,1.197859e+00,-1.562132e+01,-4.549176e+00,5.306298e+00,-8.508446e+00,1.361111e-02,2.952429e-01,0,7.432932e-05,3.124650e-01,6.600899e-01,1.396289e+00,-5.146629e-01,-4.112322e-01,-9.323574e-01,1.108840e+00,-1.789099e+00,-5.227858e-01,1.276524e+00,4.870803e-02,-6.193857e-02,-2.763889e-03,-1.541202e-02,0
2.134867e-03,-8.647386e+00,4.680948e+00,2.292291e+01,-2.449051e+00,-1.792185e+01,-3.064841e+01,-1.271072e+01,-1.380744e+00,-1.586285e+01,-4.211523e+00,3.638459e+00,-7.790878e+00,1.472222e-02,3.024956e-01,0,1.177815e-04,-1.316132e+00,1.297336e+00,6.437199e-01,-5.321538e-01,1.556687e+00,-7.168738e-01,1.777128e+00,-1.569903e+00,6.440779e-01,5.191591e-01,-7.436924e-01,1.097507e+00,4.777778e-03,-2.294775e-02,0
2.392303e-03,-1.109408e+01,6.688159e+00,2.329767e+01,-2.895858e+00,-1.428433e+01,-3.128937e+01,-8.798463e+00,-2.280730e+00,-1.448758e+01,-4.250227e+00,3.196500e+00,-5.258939e+00,2.250000e-02,2.786494e-01,0,2.945474e-04,-2.365326e+00,1.731210e+00,-1.843552e-01,-1.210432e+00,2.584489e+00,-6.710052e-02,2.471632e+00,-1.158871e+00,1.122610e+00,6.850715e-01,-8.883488e-01,1.636089e+00,1.118056e-02,-1.567760e-02,0
2.785729e-03,-1.454354e+01,8.643951e+00,2.255081e+01,-5.199015e+00,-1.126604e+01,-3.088413e+01,-6.467638e+00,-3.201602e+00,-1.327983e+01,-4.246270e+00,1.741785e+00,-4.090581e+00,3.819444e-02,2.388561e-01,0,4.604073e-04,-2.580799e+00,1.708581e+00,-1.133987e+00,-1.666114e+00,2.460581e+00,4.913138e-01,2.427200e+00,-3.743746e-01,1.594916e+00,1.236772e+00,-4.675995e-01,1.630559e+00,1.563889e-02,-1.405846e-02,0
3.397411e-03,-1.710698e+01,1.036226e+01,2.068099e+01,-7.080078e+00,-8.865106e+00,-2.931848e+01,-3.274150e+00,-3.686067e+00,-1.129978e+01,-1.106445e+00,1.812891e+00,-2.178151e+00,5.777778e-02,2.486747e-01,0,5.955871e-04,-2.123609e+00,1.352997e+00,-1.773831e+00,-1.705466e+00,1.473057e+00,1.913404e-01,1.578179e+00,4.173261e-01,1.287219e+00,1.763889e+00,2.168169e-01,1.379642e+00,1.679167e-02,2.751307e-03,0
3.934349e-03,-1.854493e+01,1.138680e+01,1.856131e+01,-8.687510e+00,-8.328557e+00,-2.917728e+01,-3.336875e+00,-2.549948e+00,-9.482175e+00,4.004442e-01,1.992266e+00,-1.178476e+00,7.527778e-02,2.471906e-01,0,7.677604e-04,-1.808663e+00,8.621333e-01,-2.152331e+00,-1.236710e+00,6.923249e-01,-4.753346e-01,1.009888e+00,1.484981e+00,1.057172e+00,1.795063e+00,8.736995e-01,8.843214e-01,1.429167e-02,1.777708e-02,0
4.795928e-03,-1.971143e+01,1.208172e+01,1.642326e+01,-9.678941e+00,-8.387789e+00,-3.118609e+01,-2.472949e+00,-5.199270e-01,-9.950315e+00,2.245861e+00,4.155344e+00,1.832203e-01,8.791666e-02,2.882386e-01,0,8.622730e-04,-1.717444e+00,5.406868e-01,-1.692234e+00,-9.198772e-01,3.703411e-01,-1.036234e+00,3.190507e-02,1.905082e+00,2.300615e-01,7.238204e-01,9.500755e-01,-3.085226e-03,9.597222e-03,2.353990e-02,0
5.925272e-03,-2.228463e+01,1.209489e+01,1.391802e+01,-1.008313e+01,-8.043071e+00,-3.232700e+01,-1.818799e+00,2.640231e+00,-8.668704e+00,3.052894e+00,4.939056e+00,-8.496603e-01,9.458333e-02,3.079595e-01,0,6.293101e-04,-1.482918e+00,3.233794e-01,-6.929004e-01,-4.525406e-01,4.015189e-01,-3.601175e-01,-7.502670e-01,1.521266e+00,-4.640479e-01,-2.931655e-01,6.380353e-01,-7.945325e-02,3.708333e-03,2.387548e-02,0
6.713314e-03,-2.382435e+01,1.271165e+01,1.454147e+01,-1.098165e+01,-7.156143e+00,-3.292479e+01,-3.873663e+00,3.244255e+00,-1.055621e+01,1.186432e+00,5.089874e+00,-2.357985e+00,9.611111e-02,3.359897e-01,0,-5.405811e-05,-5.721149e-01,6.734705e-02,4.213664e-01,4.894088e-01,1.864462e-01,6.128231e-01,-2.086685e+00,6.491340e-01,-1.279770e+00,-1.842261e+00,1.526390e-01,4.205783e-01,-2.847223e-03,7.733333e-03,0
6.122207e-03,-2.390306e+01,1.268873e+01,1.603770e+01,-1.029886e+01,-6.936785e+00,-3.010852e+01,-6.387853e+00,3.174290e+00,-1.149947e+01,-5.356693e-01,4.715177e+00,-3.051394e-01,8.972222e-02,3.426925e-01,0,-8.675105e-04,1.113101e+00,-3.067809e-01,3.878238e-01,1.680148e+00,-5.010619e-01,1.523506e+00,-2.507569e+00,-1.344217e-01,-1.930360e+00,-2.377585e+00,-6.311088e-01,9.594499e-01,-9.361112e-03,-4.523003e-03,0
4.427170e-03,-2.176279e+01,1.212153e+01,1.747025e+01,-7.124035e+00,-8.008700e+00,-2.923121e+01,-1.062185e+01,2.458714e+00,-1.493378e+01,-5.171164e+00,5.030478e+00,2.013851e+00,7.611111e-02,3.095388e-01,0,-1.272231e-03,2.628837e+00,-1.041465e+00,-8.340308e-01,2.420014e+00,-1.148968e+00,1.654575e+00,-1.614625e+00,-1.159453e-01,-1.883872e+00,-2.171430e+00,-1.434149e+00,4.875529e-01,-1.444445e-02,-6.349149e-03,0
2.730792e-03,-1.774991e+01,1.085604e+01,1.439275e+01,-3.611202e+00,-1.012210e+01,-2.655626e+01,-1.098255e+01,2.360893e+00,-1.613171e+01,-5.656233e+00,1.813210e+00,1.761671e+00,5.777777e-02,2.985700e-01,0,-1.050080e-03,3.470252e+00,-1.545363e+00,-1.783768e+00,1.798895e+00,-1.842398e+00,1.165342e+00,2.844162e-02,2.229291e-01,-1.674730e+00,-1.540979e+00,-2.309100e+00,-9.026898e-01,-1.593055e-02,5.961978e-03,0
2.047869e-03,-1.375674e+01,8.420671e+00,1.119379e+01,-2.225409e+00,-1.130832e+01,-2.642805e+01,-9.649441e+00,3.071227e+00,-1.765944e+01,-7.110437e+00,-6.298854e-01,-9.536259e-01,3.986111e-02,3.263052e-01,0,-5.245632e-04,3.194901e+00,-1.745784e+00,-1.433956e+00,4.708117e-01,-2.035878e+00,6.524376e-01,1.705367e+00,4.915105e-01,-1.143618e+00,-7.538133e-01,-2.200880e+00,-1.493303e+00,-1.381944e-02,2.661753e-02,0
2.061457e-03,-1.055482e+01,6.812347e+00,1.025709e+01,-3.753696e+00,-1.449897e+01,-2.568340e+01,-6.731847e+00,3.982679e+00,-1.851029e+01,-7.270930e+00,-4.000139e+00,-3.334849e+00,2.819444e-02,3.641191e-01,0,-1.153648e-04,2.214228e+00,-1.289773e+00,3.803806e-02,-4.112388e-01,-1.508737e+00,2.118780e-01,1.787773e+00,4.443955e-02,-8.975366e-01,-5.491974e-01,-1.529488e+00,-9.959806e-01,-9.527777e-03,3.175333e-02,0
2.139022e-03,-9.385825e+00,5.414463e+00,1.236830e+01,-4.698730e+00,-1.599966e+01,-2.640546e+01,-4.220360e+00,4.105373e+00,-1.946259e+01,-8.132882e+00,-3.067248e+00,-2.904404e+00,2.180555e-02,4.098519e-01,0,-1.162232e-05,1.225585e+00,-4.693826e-01,1.064965e+00,-1.058045e-01,-3.432688e-01,2.266449e-01,1.011302e+00,-8.263636e-01,-3.615255e-01,5.503845e-03,-1.415964e+00,-1.196800e-01,-5.791666e-03,2.489807e-02,0
2.108391e-03,-8.864225e+00,5.910284e+00,1.399568e+01,-4.430735e+00,-1.532012e+01,-2.550816e+01,-4.758227e+00,2.066018e+00,-1.971782e+01,-7.890997e+00,-4.615550e+00,-2.242843e+00,1.916667e-02,4.155633e-01,0,-9.709797e-05,6.040549e-01,6.663551e-02,1.079095e+00,9.207822e-01,1.154989e+00,5.137857e-01,7.491031e-02,-1.732494e+00,-8.314209e-02,9.932221e-01,-1.390843e+00,3.386855e-01,-3.861111e-03,1.220147e-02,0
1.966290e-03,-8.474113e+00,6.524790e+00,1.464932e+01,-2.415912e+00,-1.261409e+01,-2.538244e+01,-5.579742e+00,-1.022599e-01,-1.886330e+01,-6.772884e+00,-7.402000e+00,-2.098029e+00,1.541667e-02,4.250735e-01,0,-1.854680e-04,4.018905e-01,2.617540e-01,3.946654e-01,1.255575e+00,1.519256e+00,8.418792e-01,8.541298e-02,-1.409699e+00,1.298939e-01,1.828413e+00,-1.212248e+00,-9.612741e-02,-3.041666e-03,-8.682686e-03,0
1.662333e-03,-7.990404e+00,6.590361e+00,1.451205e+01,-2.911938e-01,-1.041681e+01,-2.362598e+01,-5.677605e+00,-2.575973e+00,-1.922564e+01,-2.984818e+00,-8.786979e+00,-2.044610e+00,1.208333e-02,4.175157e-01,0,-2.415209e-04,3.637121e-01,1.123849e-01,-2.966416e-01,5.042377e-01,7.534925e-01,1.059180e+00,1.097111e+00,-2.969685e-01,4.634888e-01,2.435873e+00,3.147675e-01,-4.820586e-01,-2.083333e-03,-2.276885e-02,0
1.434711e-03,-7.813283e+00,6.383194e+00,1.408344e+01,-4.906233e-01,-1.085503e+01,-2.313716e+01,-3.333606e+00,-6.221247e-01,-1.905921e+01,-1.443905e+00,-7.042776e+00,-3.484158e+00,1.013889e-02,3.654623e-01,0,-2.526117e-04,2.615883e-01,-8.831640e-02,-6.862782e-01,-2.901550e-01,-1.539408e-01,1.293236e+00,1.817130e+00,1.129174e+00,1.228281e+00,2.281799e+00,1.443684e+00,-8.073184e-01,-8.194447e-04,-2.580932e-02,0
1.166576e-03,-7.376080e+00,6.543007e+00,1.279541e+01,-2.872191e+00,-1.243219e+01,-2.133491e+01,-3.957398e-01,8.411079e-01,-1.730243e+01,1.623877e+00,-3.221325e+00,-3.960072e+00,1.138889e-02,3.315247e-01,0,-2.260359e-04,1.288969e-01,-1.124477e-01,-5.911208e-01,-3.369116e-01,-4.492640e-01,1.210880e+00,1.783966e+00,1.489438e+00,1.969990e+00,1.600150e+00,8.399189e-01,-1.056334e+00,-2.083334e-04,-2.739030e-03,0
9.511097e-04,-7.473333e+00,6.106885e+00,1.207625e+01,-2.576189e+00,-1.237610e+01,-2.006180e+01,8.649771e-01,3.835071e+00,-1.368351e+01,2.331765e+00,-2.966408e+00,-5.176890e+00,1.166667e-02,3.390224e-01,0,-1.861040e-04,9.372573e-02,-1.868302e-01,-1.665720e-01,5.011910e-01,3.647928e-02,1.069757e+00,1.315524e+00,8.380997e-01,1.600806e+00,5.373666e-01,-8.678352e-01,-1.008262e+00,-4.722220e-04,2.815147e-02,0
7.739541e-04,-7.515894e+00,6.166277e+00,1.256004e+01,-9.329693e-01,-1.190259e+01,-1.910925e+01,1.142933e+00,2.642619e+00,-1.206354e+01,3.128098e+00,-6.625568e+00,-6.479916e+00,1.027778e-02,4.170405e-01,0,-1.230957e-04,2.342453e-01,-2.111044e-02,1.877184e-01,9.618166e-01,4.400957e-01,2.746960e-01,5.542947e-01,-2.545683e-01,4.799116e-01,-6.923941e-01,-1.786684e+00,-4.512210e-01,-9.722221e-04,4.493549e-02,0
7.005025e-04,-7.274747e+00,5.637408e+00,1.336827e+01,1.045721e+00,-1.093744e+01,-1.890120e+01,2.474677e+00,2.667618e+00,-1.367462e+01,4.908175e-01,-9.679830e+00,-7.265545e+00,8.333334e-03,4.634618e-01,0,-6.958423e-05,5.728873e-01,1.533659e-01,-1.995659e-02,2.409563e-01,6.275082e-01,-4.572981e-01,-1.701973e-01,-1.371536e+00,-5.955518e-01,-7.578343e-01,-4.989526e-01,8.792449e-01,-7.916667e-04,3.749216e-02,0
6.764017e-04,-6.304146e+00,6.672194e+00,1.308800e+01,1.259371e-01,-1.095104e+01,-2.054173e+01,1.570884e+00,1.519926e-01,-1.490731e+01,-9.176204e-01,-8.798032e+00,-5.171849e+00,8.194444e-03,4.939824e-01,0,-4.151523e-05,7.178001e-01,6.346388e-02,-8.713557e-01,-7.560588e-01,7.465080e-01,-7.750340e-01,-1.172420e+00,-2.147785e+00,-6.875579e-01,3.286950e-02,2.124482e+00,2.019650e+00,-9.722207e-05,1.561522e-02,0
6.519647e-04,-5.214771e+00,6.620757e+00,1.171249e+01,-1.900861e+00,-9.714337e+00,-2.163205e+01,-1.999850e-01,-1.777296e+00,-1.523938e+01,5.654532e-01,-4.374939e+00,-1.434699e+00,8.750000e-03,4.880122e-01,0,-4.115437e-05,6.470183e-01,-6.424929e-01,-1.828785e+00,-1.386972e+00,9.441961e-01,-3.113039e-01,-2.198526e+00,-2.289864e+00,4.001513e-01,1.569606e+00,3.869290e+00,1.715527e+00,9.166669e-04,5.246431e-04,0
5.906469e-04,-4.956882e+00,5.991922e+00,9.031154e+00,-3.239972e+00,-8.781601e+00,-2.161900e+01,-3.381834e+00,-5.873849e+00,-1.471895e+01,3.255128e+00,1.344397e+00,7.029083e-01,9.583334e-03,4.828413e-01,0,-3.292021e-05,4.359940e-01,-1.706513e+00,-2.251738e+00,-9.592897e-01,1.245340e+00,3.063843e-01,-2.719319e+00,-1.084078e+00,1.575647e+00,1.624394e+00,3.612895e+00,2.928553e-02,1.958333e-03,-2.854779e-02,0
5.376081e-04,-4.713288e+00,2.765079e+00,6.252766e+00,-4.206184e+00,-7.301176e+00,-1.991908e+01,-6.041593e+00,-5.768778e+00,-1.176805e+01,6.252472e+00,4.595407e+00,-1.625289e+00,1.222222e-02,4.716555e-01,0,5.322869e-05,2.781462e-01,-2.489516e+00,-1.677500e+00,-6.313335e-01,1.696169e+00,-1.183262e-01,-3.143651e+00,1.161921e+00,2.771081e+00,5.234763e-01,1.616263e+00,-1.860572e+00,2.972222e-03,-4.095465e-02,0
5.689790e-04,-4.374918e+00,6.746880e-02,4.559171e+00,-3.517850e+00,-5.930923e+00,-1.986629e+01,-9.104907e+00,-3.272657e+00,-8.764739e+00,4.360840e+00,4.781268e+00,-4.930127e+00,1.625000e-02,3.594218e-01,0,1.182921e-04,1.808525e-01,-2.483299e+00,-3.713543e-01,-1.326927e-01,1.632452e+00,-9.263792e-01,-2.690094e+00,3.586735e+00,3.074645e+00,-1.165276e+00,-9.222214e-01,-2.679393e+00,3.333333e-03,-4.460306e-02,0
9.289421e-04,-4.115022e+00,-2.864599e+00,5.560983e+00,-4.918590e+00,-2.658833e+00,-2.310004e+01,-1.305670e+01,2.731710e+00,-4.361080e+00,2.629979e+00,1.987941e+00,-7.921043e+00,2.027778e-02,3.449487e-01,0,1.400623e-04,-1.974692e-02,-1.920090e+00,8.834358e-01,2.046584e-01,8.867503e-01,-1.852890e+00,-2.019476e+00,4.720640e+00,2.602269e+00,-1.979912e+00,-2.360024e+00,-1.939246e+00,2.930555e-03,-2.168015e-02,0
9.864406e-04,-4.351752e+00,-3.609736e+00,7.520274e+00,-3.547233e+00,-2.940512e+00,-2.466042e+01,-1.332475e+01,7.809584e+00,-3.049213e+00,-7.600033e-01,-1.962976e+00,-9.546177e+00,2.222222e-02,3.231795e-01,0,2.880023e-05,-1.556619e-01,-1.339220e+00,1.218597e+00,9.077713e-01,-1.784987e-01,-1.117756e+00,-1.044231e+00,3.913490e+00,1.386914e+00,-1.380958e+00,-3.031470e+00,-9.816731e-01,1.694444e-03,-3.108185e-03,0
1.029189e-03,-4.823605e+00,-4.996769e+00,9.189394e+00,-3.168200e+00,-4.362630e+00,-2.678647e+01,-1.402905e+01,1.229330e+01,-1.614462e+00,-1.086667e+00,-3.832589e+00,-9.013492e+00,2.388889e-02,3.813759e-01,0,-9.366000e-05,-3.114630e-01,-6.532879e-01,8.015810e-01,1.570307e+00,-8.692342e-01,4.023762e-01,-8.571301e-02,1.494128e+00,6.630265e-01,-1.009491e+00,-2.559270e+00,2.248377e-01,5.694447e-04,-1.110605e-02,0
6.628568e-04,-4.798935e+00,-5.562544e+00,8.837952e+00,1.458123e-01,-5.971518e+00,-2.361185e+01,-1.383989e+01,1.151400e+01,-3.203481e+00,-6.856287e-01,-7.465819e+00,-9.292268e+00,2.291667e-02,3.256673e-01,0,-8.047326e-05,-9.007527e-01,2.627679e-01,5.399760e-01,1.442749e+00,-5.130963e-01,1.994452e+00,3.982099e-01,-1.212592e+00,1.183721e+00,-9.492065e-01,-1.629733e+00,1.053469e+00,1.000000e-03,-2.773402e-02,0
6.224340e-04,-5.448746e+00,-5.154634e+00,8.910049e+00,1.086421e+00,-5.489501e+00,-2.161244e+01,-1.322770e+01,8.350143e+00,-9.688142e-01,-2.454663e+00,-8.056987e+00,-6.923809e+00,2.277778e-02,2.881745e-01,0,1.105233e-04,-2.095142e+00,1.557567e+00,8.733655e-01,5.558662e-01,-4.411657e-01,3.023830e+00,9.131319e-01,-2.649753e+00,2.540532e+00,-1.498082e+00,-5.209046e-01,1.585222e+00,3.902778e-03,-4.034198e-02,0
7.874517e-04,-8.542945e+00,-2.216964e+00,1.035983e+01,1.539203e+00,-4.942558e+00,-1.727517e+01,-1.173438e+01,3.718204e+00,2.546567e+00,-4.822038e+00,-7.999441e+00,-5.323673e+00,2.777778e-02,2.311101e-01,0,4.901616e-04,-3.457973e+00,2.370918e+00,1.879920e+00,-7.930909e-01,-7.425022e-01,2.419071e+00,8.673503e-01,-2.085036e+00,3.545214e+00,-1.722521e+00,7.795459e-01,1.713372e+00,8.319444e-03,-2.118413e-02,0
1.519508e-03,-1.342731e+01,1.118276e+00,1.279528e+01,-1.085565e+00,-7.082939e+00,-1.483566e+01,-1.051614e+01,2.942434e+00,8.213173e+00,-6.508871e+00,-6.170301e+00,-3.071677e+00,4.097222e-02,2.269446e-01,0,8.240387e-04,-4.124261e+00,2.197774e+00,2.301300e+00,-1.499526e+00,-1.450573e+00,1.718528e+00,4.481300e-01,-1.389228e+00,2.659866e+00,-1.214890e+00,9.419641e-01,1.294602e+00,1.143055e-02,6.545843e-03,0
2.665128e-03,-1.809952e+01,3.155588e+00,1.629494e+01,-2.733649e+00,-8.887310e+00,-1.490489e+01,-1.085891e+01,3.792673e+00,9.931599e+00,-7.271130e+00,-4.511432e+00,-2.651473e+00,5.541666e-02,2.503616e-01,0,9.524291e-04,-3.609965e+00,1.284824e+00,2.148498e+00,-1.252526e+00,-1.883895e+00,6.278148e-01,3.264695e-01,-4.960185e-01,8.368675e-01,-8.473427e-01,8.845309e-01,1.085307e+00,1.170833e-02,2.473266e-02,0
3.803790e-03,-2.129176e+01,3.147959e+00,1.744900e+01,-4.274782e+00,-1.076999e+01,-1.420494e+01,-1.142478e+01,1.366770e+00,8.638000e+00,-7.304568e+00,-5.091171e+00,-1.786901e+00,6.611111e-02,3.112780e-01,0,8.000747e-04,-2.598449e+00,5.399224e-01,1.468558e+00,-2.747678e-01,-1.598831e+00,3.560280e-01,7.006727e-01,-3.903315e-01,-1.066114e+00,-6.679481e-01,3.303476e-01,1.034505e+00,9.527778e-03,1.688458e-02,0
4.407456e-03,-2.266054e+01,3.192314e+00,1.877546e+01,-3.128817e+00,-1.251851e+01,-1.445146e+01,-9.647712e+00,2.025943e+00,6.518491e+00,-8.660903e+00,-4.116352e+00,-5.395264e-01,7.375000e-02,3.126067e-01,0,4.494157e-04,-1.514844e+00,2.006991e-01,7.405474e-01,6.778888e-01,-1.108532e+00,6.024449e-01,1.452170e+00,1.725726e-02,-1.439030e+00,-6.591931e-01,-1.471065e-01,9.047982e-01,6.305557e-03,-1.166210e-03,0
4.648717e-03,-2.413904e+01,3.799525e+00,1.889781e+01,-2.261820e+00,-1.326149e+01,-1.328223e+01,-7.618382e+00,1.874141e+00,4.589159e+00,-9.153725e+00,-4.716103e+00,1.044872e+00,7.944445e-02,2.802450e-01,0,7.342580e-05,-8.108856e-01,1.461686e-01,4.851015e-01,1.329614e+00,-1.790384e-01,8.888629e-01,1.497110e+00,6.818396e-02,-1.335098e+00,-4.940870e-01,-6.916804e-01,2.877265e-01,2.930555e-03,-8.166170e-03,0
4.489743e-03,-2.425010e+01,3.833300e+00,1.927326e+01,-3.506862e-01,-1.318422e+01,-1.235402e+01,-5.501264e+00,3.625274e+00,4.760870e+00,-9.642517e+00,-5.434498e+00,4.566316e-01,8.027778e-02,2.600470e-01,0,-2.414133e-04,-2.477089e-01,-5.643914e-02,2.062998e-01,1.659359e+00,7.920237e-01,1.776308e+00,4.259940e-01,-5.064561e-01,-9.286011e-01,-7.901736e-02,-1.328072e+00,-4.200459e-01,-2.777785e-04,9.933084e-04,0
4.129775e-03,-2.455141e+01,3.558309e+00,1.962560e+01,9.842221e-01,-1.133233e+01,-1.080935e+01,-6.012455e+00,9.080241e-01,2.841322e+00,-9.284196e+00,-7.890500e+00,-8.463471e-01,7.749999e-02,2.967269e-01,0,-4.896257e-04,5.521173e-01,-6.078196e-03,1.572498e-01,1.674434e+00,6.201967e-01,2.040110e+00,-1.270645e+00,-1.265990e+00,-1.127852e+00,-1.001771e-01,-1.459348e+00,-7.514940e-01,-3.444445e-03,9.581101e-03,0
3.459860e-03,-2.369290e+01,3.030727e+00,1.944306e+01,3.544957e+00,-9.522974e+00,-6.806362e+00,-8.320705e+00,-2.327903e-02,2.749404e+00,-8.990754e+00,-9.169515e+00,-1.694146e+00,7.333333e-02,3.093322e-01,0,-6.061809e-04,1.697919e+00,1.906293e-01,-3.723629e-01,1.347369e+00,-3.697853e-01,1.307845e+00,-3.087022e+00,-1.817980e+00,-1.051600e+00,-3.225234e-01,-9.013733e-01,-6.896038e-02,-6.708333e-03,8.185178e-04,0
2.715530e-03,-2.165705e+01,4.170421e+00,1.959916e+01,4.162529e+00,-1.199113e+01,-5.855512e+00,-1.256188e+01,-2.631535e+00,-4.436835e-02,-9.980492e+00,-1.014534e+01,-1.637209e+00,6.569444e-02,3.035079e-01,0,-5.927084e-04,2.865540e+00,2.037186e-01,-1.109028e+00,5.241913e-01,-1.981849e+00,-8.298662e-01,-4.095346e+00,-1.975211e+00,-1.218090e+00,-8.131121e-01,2.463617e-02,6.212741e-01,-1.012500e-02,-9.511945e-03,0
2.165961e-03,-1.720769e+01,4.480390e+00,1.742467e+01,4.797005e+00,-1.470374e+01,-8.291710e+00,-1.766166e+01,-3.694845e+00,9.457147e-01,-1.090699e+01,-8.813947e+00,5.072606e-01,5.263889e-02,2.607492e-01,0,-4.484793e-04,3.305690e+00,-1.090969e-01,-1.543036e+00,-4.325348e-01,-2.342659e+00,-2.849439e+00,-3.818222e+00,-1.609248e+00,-1.285334e+00,-6.427510e-01,5.533109e-01,1.030278e+00,-1.181944e-02,-9.709662e-03,0
1.813183e-03,-1.346632e+01,3.852070e+00,1.508966e+01,2.979155e+00,-1.865119e+01,-1.421600e+01,-2.181871e+01,-7.132250e+00,-2.347285e+00,-1.239164e+01,-7.945103e+00,1.159320e+00,3.722222e-02,2.734587e-01,0,-2.626669e-04,2.366592e+00,-5.071540e-01,-1.116967e+00,-1.113186e+00,-9.637232e-01,-3.029191e+00,-2.036467e+00,-4.733659e-01,-9.876998e-01,-1.564168e-01,3.493709e-01,6.832429e-01,-9.305555e-03,-2.055177e-03,0
1.668637e-03,-1.125982e+01,2.644418e+00,1.398264e+01,1.973970e+00,-1.790624e+01,-1.687331e+01,-2.278340e+01,-5.819162e+00,-2.525808e+00,-1.099893e+01,-7.503077e+00,2.058980e+00,2.847222e-02,2.758085e-01,0,-1.325822e-05,3.389284e-01,-2.169290e-01,1.846916e-01,-1.670250e+00,1.326813e+00,-1.946027e+00,1.062519e-01,1.529424e+00,7.542908e-03,5.763832e-01,-1.957747e-01,-3.623618e-01,-1.680555e-03,2.856997e-03,0
1.650857e-03,-1.279803e+01,2.552637e+00,1.573534e+01,8.113782e-03,-1.520850e+01,-1.671066e+01,-2.018335e+01,-3.936206e+00,-3.247106e+00,-1.071660e+01,-9.053916e+00,1.003146e+00,3.125000e-02,2.857023e-01,0,3.326866e-04,-1.661187e+00,5.557534e-01,1.019623e+00,-2.073454e+00,3.481431e+00,-3.694963e-01,2.020172e+00,3.420874e+00,1.609351e+00,8.999451e-01,-2.441981e-01,-1.520703e+00,8.041665e-03,-4.981714e-03,0
2.180833e-03,-1.584719e+01,4.045462e+00,1.802529e+01,-2.068726e+00,-9.791020e+00,-1.677452e+01,-1.794808e+01,2.354254e+00,1.433340e+00,-8.862590e+00,-9.238414e+00,-1.226461e+00,4.722222e-02,2.689123e-01,0,7.664289e-04,-2.761897e+00,1.519798e+00,9.425213e-01,-2.500670e+00,4.001916e+00,3.607836e-01,2.207917e+00,3.366842e+00,1.812588e+00,4.168385e-01,5.400039e-01,-2.319660e+00,1.495833e-02,-4.361468e-03,0
3.220518e-03,-1.947857e+01,5.930315e+00,1.816645e+01,-5.366770e+00,-5.301639e+00,-1.611288e+01,-1.413551e+01,5.885411e+00,3.719898e+00,-8.960088e+00,-8.298425e+00,-4.801476e+00,6.805555e-02,2.519982e-01,0,1.069297e-03,-2.644286e+00,1.853384e+00,-2.272409e-01,-2.332070e+00,3.255389e+00,6.625955e-01,1.866834e+00,2.128917e+00,9.933380e-01,-4.215798e-01,1.379359e+00,-1.838096e+00,1.543056e-02,-3.216624e-03,0
4.715951e-03,-2.172903e+01,8.554570e+00,1.747969e+01,-7.841940e+00,-2.850091e+00,-1.536828e+01,-1.476773e+01,6.104240e+00,3.053630e+00,-9.792999e+00,-5.180803e+00,-6.637007e+00,8.486111e-02,2.708532e-01,0,1.092085e-03,-1.962619e+00,1.455832e+00,-1.287249e+00,-1.742806e+00,1.775910e+00,6.650299e-01,1.032925e+00,5.471249e-01,-4.979612e-01,-9.195811e-01,2.127508e+00,-8.149473e-02,1.090278e-02,-6.098926e-04,0
5.729783e-03,-2.307854e+01,9.565001e+00,1.487193e+01,-8.765629e+00,-2.402020e+00,-1.410080e+01,-1.243935e+01,4.833389e+00,9.094389e-01,-1.235930e+01,-4.185925e+00,-5.482061e+00,8.958334e-02,2.686488e-01,0,7.364724e-04,-1.322034e+00,6.970469e-01,-1.531916e+00,-8.257729e-01,4.641372e-01,4.670921e-01,3.937684e-01,-3.076181e-02,-1.059008e+00,-6.046398e-01,1.922803e+00,1.628614e+00,5.000003e-03,-1.034813e-02,0
6.386628e-03,-2.386030e+01,9.507279e+00,1.323630e+01,-9.083325e+00,-2.361282e+00,-1.445541e+01,-1.363154e+01,5.615890e+00,3.487633e-01,-1.176089e+01,-6.571216e-01,-1.293642e+00,9.097222e-02,2.575376e-01,0,2.655343e-04,-1.048078e+00,-7.138071e-02,-1.093385e+00,-1.079498e-01,-4.834112e-01,9.614471e-01,1.001354e-01,-5.909058e-01,-6.868297e-01,4.343409e-01,1.179324e+00,2.677541e+00,1.875001e-03,-2.034350e-02,0
6.067542e-03,-2.502310e+01,8.939195e+00,1.262856e+01,-8.874942e+00,-3.225358e+00,-1.423386e+01,-1.273477e+01,5.975777e+00,-2.227077e-01,-1.099934e+01,-9.462516e-01,6.699123e-01,9.000000e-02,2.069154e-01,0,8.119363e-06,-1.062262e+00,-1.138786e-01,-1.399395e-01,7.192170e-01,-1.139965e+00,1.495296e+00,5.489016e-02,-1.633755e+00,-9.140240e-02,1.297528e+00,4.734402e-01,2.136678e+00,1.583332e-03,-1.996689e-02,0
5.874743e-03,-2.599714e+01,8.510570e+00,1.313445e+01,-8.327033e+00,-4.855478e+00,-1.049452e+01,-1.411935e+01,2.578517e+00,1.855550e-01,-8.301272e+00,-9.040201e-01,3.674709e+00,9.402778e-02,2.000024e-01,0,-2.189539e-04,-8.705147e-01,-2.432257e-01,3.252046e-01,1.914953e+00,-1.722600e+00,2.170686e+00,4.781757e-01,-2.597987e+00,2.148363e-02,1.381998e+00,-4.888065e-01,1.323187e+00,2.513889e-03,-4.420799e-03,0
6.026322e-03,-2.732143e+01,9.493962e+00,1.422316e+01,-5.547690e+00,-6.854750e+00,-8.604765e+00,-1.192099e+01,-1.816700e+00,5.340311e-01,-7.601464e+00,-1.695275e+00,2.717156e+00,9.597222e-02,1.975819e-01,0,-3.601845e-04,-4.101608e-01,-2.554087e-01,6.050623e-01,2.824352e+00,-2.608316e+00,2.051216e+00,5.657674e-01,-2.530822e+00,-2.537764e-01,1.342141e+00,-3.055190e-01,3.088901e-01,3.013890e-03,1.649097e-02,0
5.312468e-03,-2.706371e+01,8.013767e+00,1.406502e+01,-1.172186e+00,-9.159587e+00,-6.416525e+00,-1.164754e+01,-3.477809e+00,7.781204e-02,-6.549839e+00,-2.726643e+00,4.298673e+00,1.005556e-01,2.401003e-01,0,-7.261986e-04,1.003105e-01,-5.942005e-01,5.566405e-01,3.195232e+00,-2.747022e+00,1.709260e+00,6.542575e-01,-1.120787e+00,-8.659088e-01,7.305552e-01,-5.092223e-01,-6.729879e-01,2.250001e-03,2.349541e-02,0
4.547757e-03,-2.654062e+01,7.910553e+00,1.518859e+01,1.669397e+00,-1.411488e+01,-6.016776e+00,-1.114183e+01,-3.650172e+00,-1.437718e+00,-5.164351e+00,-1.562535e+00,1.902381e+00,1.018056e-01,2.693213e-01,0,-8.815470e-04,4.503178e-01,-5.344607e-01,5.095282e-01,2.267235e+00,-2.274589e+00,1.561586e+00,-2.437611e-02,3.710410e-01,-3.969754e-01,6.290001e-01,-9.188402e-02,-1.078104e+00,1.208334e-03,1.828061e-02,0
2.983033e-03,-2.588599e+01,6.331272e+00,1.543494e+01,4.040586e+00,-1.496052e+01,-3.242216e+00,-1.123764e+01,-2.108684e+00,-3.158114e+00,-5.867053e+00,-3.516501e+00,7.171572e-01,1.023611e-01,2.816098e-01,0,-7.382690e-04,8.777729e-01,-1.169808e+00,-6.605898e-01,1.327292e+00,-4.850307e-01,5.951847e-01,-4.408644e-01,1.618684e+00,1.511282e-01,-1.303720e-01,2.318891e-01,-9.951900e-01,-1.236113e-03,-3.341728e-03,0
2.783305e-03,-2.565870e+01,7.662906e+00,1.608584e+01,3.182101e+00,-1.532723e+01,-2.383988e+00,-1.224783e+01,-6.460578e-01,1.671171e-01,-4.797857e+00,-1.759766e+00,-8.826062e-01,1.011111e-01,2.682303e-01,0,-3.851733e-04,1.392617e+00,-2.364550e+00,-2.387366e+00,6.328664e-01,1.480330e+00,-8.470984e-01,-3.488334e-01,2.229645e+00,5.517799e-01,-2.795050e-01,6.759119e-01,2.761406e-01,-3.486111e-03,-1.991568e-02,0
2.503349e-03,-2.311581e+01,2.288550e+00,1.031345e+01,4.707922e+00,-1.097857e+01,-5.256995e+00,-1.329887e+01,3.113554e+00,3.103534e-02,-7.384946e+00,-1.468582e+00,7.152160e-01,9.472222e-02,2.239372e-01,0,1.252045e-04,1.463210e+00,-3.424371e+00,-3.656867e+00,1.548779e-02,2.435141e+00,-2.619025e+00,8.411441e-01,2.313993e+00,7.728466e-02,-2.904672e-01,9.500680e-01,5.650101e-01,-6.069445e-03,-2.682016e-02,0
2.861732e-03,-2.096262e+01,-1.890838e+00,5.812502e+00,4.500061e+00,-8.704209e+00,-9.244878e+00,-1.185538e+01,4.886932e+00,-2.733942e-01,-5.802929e+00,7.930649e-01,3.284055e+00,8.819445e-02,1.985792e-01,0,2.607379e-04,1.595820e+00,-3.043016e+00,-3.195668e+00,-2.133316e-01,1.773384e+00,-3.279111e+00,1.903032e+00,1.430422e+00,-1.012295e+00,1.998338e-01,1.058251e-01,-6.569324e-02,-8.208333e-03,-2.132379e-02,0
3.569842e-03,-2.091797e+01,-6.013708e+00,2.287277e+00,3.459045e+00,-6.096325e+00,-1.290689e+01,-7.228144e+00,6.694788e+00,-2.551435e+00,-6.816853e+00,-4.257631e-02,1.458877e+00,7.847222e-02,1.823345e-01,0,2.353504e-04,1.781582e+00,-1.138386e+00,-1.477268e+00,-5.639496e-01,-2.383930e-01,-2.312069e+00,1.351717e+00,-1.761823e-02,-1.056252e+00,1.026919e+00,-8.594583e-01,-2.115522e+00,-1.033333e-02,1.109798e-03,0
3.553748e-03,-1.877851e+01,-3.401044e+00,4.120591e+00,2.739881e+00,-8.901431e+00,-1.495459e+01,-5.768027e+00,4.715435e+00,-3.603125e+00,-4.082735e+00,-1.943643e+00,-1.582903e+00,6.819445e-02,1.824127e-01,0,-6.834879e-05,2.755101e+00,1.814911e-01,-7.883574e-01,-3.360137e-01,-1.478029e+00,-6.819510e-01,-3.492339e-01,-1.497422e+00,-8.334371e-01,1.353444e+00,-1.778532e+00,-3.417062e+00,-1.195833e-02,1.807670e-02,0
3.334093e-03,-1.529995e+01,-2.648275e+00,3.773059e+00,2.768264e+00,-1.207192e+01,-1.396249e+01,-9.583962e+00,3.111212e+00,-3.585358e+00,-3.110447e+00,-4.397520e+00,-7.428913e+00,5.305555e-02,2.375695e-01,0,-2.833484e-04,3.242238e+00,5.724807e-01,-1.122767e+00,-5.184186e-01,-1.259188e+00,1.215345e+00,-1.445832e+00,-2.130496e+00,-2.858562e-01,1.674733e+00,-1.392019e+00,-3.133260e+00,-1.145833e-02,2.745439e-02,0
2.637862e-03,-9.996127e+00,-2.666099e+00,1.127824e+00,3.165383e+00,-1.310656e+01,-1.212684e+01,-1.242365e+01,-8.083871e-01,-3.923618e+00,-8.889108e-01,-5.922123e+00,-9.357360e+00,4.111111e-02,2.613452e-01,0,-2.781217e-04,2.646510e+00,-9.482650e-02,-2.084471e+00,-1.326245e+00,5.568520e-01,2.026111e+00,-6.973430e-01,-1.691895e+00,-2.062917e-01,1.162877e+00,-4.893056e-01,-1.818726e+00,-8.777779e-03,2.080444e-02,0
2.611043e-03,-9.097976e+00,-3.518777e+00,-1.830175e+00,6.542006e-01,-1.028970e+01,-8.244047e+00,-1.112949e+01,-1.195782e+00,-3.820470e+00,-4.010165e-02,-5.013433e+00,-1.032020e+01,3.472222e-02,2.801402e-01,0,-1.716835e-04,1.514857e+00,-1.691194e-01,-1.936892e+00,-2.184444e+00,2.089121e+00,1.897828e+00,6.965955e-01,-9.494322e-01,-5.669619e-01,4.893609e-01,5.934307e-01,1.900727e-01,-5.180555e-03,7.406491e-03,0
2.524665e-03,-8.646951e+00,-3.439925e+00,-3.500145e+00,-2.834310e+00,-7.008281e+00,-7.683258e+00,-8.481977e+00,-1.590544e+00,-4.517027e+00,1.964771e-01,-4.082215e+00,-9.230893e+00,3.347222e-02,2.651495e-01,0,-2.898153e-05,5.225379e-01,-3.325305e-02,-1.069065e+00,-2.769603e+00,2.651708e+00,1.370346e+00,1.369738e+00,-4.636492e-01,-1.051544e+00,-4.680764e-01,1.377380e+00,1.297176e+00,-3.180556e-03,6.203926e-03,0
2.532274e-03,-8.400255e+00,-3.106959e+00,-3.597417e+00,-5.154110e+00,-4.675454e+00,-6.695134e+00,-8.071819e+00,-1.244871e+00,-6.123463e+00,-1.206336e+00,-2.350321e+00,-6.541782e+00,3.097222e-02,2.726998e-01,0,-3.914949e-05,4.628236e-01,8.533118e-02,-1.689936e-01,-2.142165e+00,2.186386e+00,5.350390e-01,9.937677e-01,-9.806924e-01,-1.314942e+00,-1.172338e+00,1.555778e+00,1.966858e+00,-3.194445e-03,1.383369e-02,0
2.532339e-03,-7.732298e+00,-3.038273e+00,-3.333881e+00,-7.778476e+00,-2.655142e+00,-6.049564e+00,-7.103793e+00,-3.102089e+00,-8.029840e+00,-2.646175e+00,-3.667792e-01,-4.760684e+00,2.708333e-02,2.960851e-01,0,-8.266503e-05,5.469289e-01,-1.369922e-01,2.540365e-01,-1.186770e+00,1.481371e+00,1.314538e-01,4.061142e-01,-1.283999e+00,-1.202637e+00,-1.320950e+00,1.511562e+00,1.697217e+00,-4.125000e-03,1.882469e-02,0
2.411458e-03,-7.241184e+00,-3.292947e+00,-2.758276e+00,-7.584543e+00,-1.534341e+00,-6.385699e+00,-6.849746e+00,-5.343472e+00,-8.638772e+00,-4.480465e+00,9.077401e-01,-2.721009e+00,2.194444e-02,3.338409e-01,0,-1.526356e-04,6.926852e-01,-3.378562e-01,2.233489e-01,-2.656401e-01,3.743311e-01,-2.970896e-01,4.926519e-02,-1.202058e+00,-4.630947e-01,-7.896572e-01,8.819252e-01,6.613299e-01,-4.138888e-03,1.672834e-02,0
2.171748e-03,-6.491842e+00,-4.031892e+00,-2.649533e+00,-7.552946e+00,-1.171984e+00,-7.180706e+00,-7.062442e+00,-5.961240e+00,-9.272557e+00,-4.771208e+00,1.846564e+00,-2.655194e+00,1.736111e-02,3.287024e-01,0,-2.018657e-04,6.888090e-01,-1.755146e-01,6.591916e-02,1.427337e-01,-6.930541e-01,-3.204041e-01,-2.038428e-01,-6.850032e-01,-1.280359e-01,-1.618902e-01,3.218147e-01,-5.416315e-01,-3.124999e-03,2.527422e-03,0
1.949392e-03,-5.557057e+00,-4.299430e+00,-2.822846e+00,-6.595076e+00,-3.545377e+00,-7.615011e+00,-7.846169e+00,-5.825583e+00,-7.817578e+00,-4.092106e+00,9.526334e-01,-4.287879e+00,1.513889e-02,3.400328e-01,0,-2.010008e-04,6.849315e-01,2.593107e-01,5.376668e-02,-7.869010e-02,-1.568242e+00,-9.410338e-02,-4.497719e-03,-1.575704e-02,1.085728e-01,5.049011e-01,-1.132080e-01,-1.910600e+00,-1.833333e-03,-1.739997e-03,0
1.754044e-03,-5.130316e+00,-3.412605e+00,-2.972000e+00,-7.559541e+00,-5.114894e+00,-7.036929e+00,-7.624795e+00,-6.286049e+00,-9.080617e+00,-3.649806e+00,1.219848e+00,-6.685407e+00,1.486111e-02,3.056262e-01,0,-1.679520e-04,6.296924e-01,7.612052e-01,6.180251e-02,-4.656153e-01,-1.607144e+00,1.937385e-02,3.027201e-01,2.681716e-01,1.265489e-01,4.484581e-01,-1.996110e-01,-2.316819e+00,-1.027778e-03,8.699730e-03,0
1.615306e-03,-4.497290e+00,-2.306038e+00,-2.328209e+00,-7.974696e+00,-7.404095e+00,-6.928104e+00,-6.591058e+00,-5.259852e+00,-8.191878e+00,-2.516661e+00,6.550584e-01,-1.025890e+01,1.402778e-02,3.366790e-01,0,-1.409760e-04,6.936325e-01,8.982085e-01,2.665811e-01,-7.341024e-01,-1.132012e+00,-2.972245e-01,5.342774e-01,5.466521e-01,6.225504e-01,3.509563e-01,2.976128e-01,-1.769200e+00,-9.861111e-04,2.509992e-02,0
1.499030e-03,-3.873264e+00,-1.222562e+00,-2.587839e+00,-9.191213e+00,-7.278345e+00,-7.427290e+00,-6.176397e+00,-4.903247e+00,-8.452662e+00,-3.316640e+00,9.972971e-01,-1.125378e+01,1.277778e-02,3.738780e-01,0,-1.164178e-04,7.750469e-01,6.707413e-01,1.198578e-01,-6.577926e-01,-7.929907e-01,-6.466554e-01,5.462788e-01,3.691244e-01,1.614389e+00,3.031645e-01,6.967791e-01,-7.169719e-01,-1.027778e-03,3.805839e-02,0
1.372019e-03,-2.717421e+00,-9.034085e-01,-1.682021e+00,-9.449752e+00,-8.123713e+00,-8.905952e+00,-5.898981e+00,-3.783723e+00,-5.018803e+00,-2.503908e+00,2.551973e+00,-1.084970e+01,1.125000e-02,4.314065e-01,0,-1.092102e-04,6.502488e-01,4.000439e-01,-1.261580e-01,-4.765212e-01,-4.076838e-01,-9.961360e-01,1.431616e-01,-1.044255e-01,2.414239e+00,4.874620e-01,8.811939e-01,-1.315220e-01,-7.777776e-04,2.441930e-02,0
1.293598e-03,-2.145016e+00,-7.602128e-01,-2.695805e+00,-1.011098e+01,-8.720038e+00,-9.281281e+00,-5.239440e+00,-5.178492e+00,-2.595211e+00,-2.140360e+00,3.755286e+00,-9.974870e+00,1.111111e-02,4.485544e-01,0,-1.004937e-04,5.209460e-01,4.224262e-01,-3.731897e-01,-1.511416e-01,-3.901678e-01,-1.120064e+00,-1.982674e-01,-1.312847e-01,2.599272e+00,5.906562e-01,3.718418e-01,-1.895909e-01,-2.222222e-04,2.820289e-03,0
1.171972e-03,-2.110169e+00,-5.369929e-01,-2.905016e+00,-9.897420e+00,-8.721667e+00,-1.098179e+01,-6.343729e+00,-5.644358e+00,9.505944e-01,-6.674912e-01,3.682034e+00,-1.155597e+01,1.097222e-02,4.214373e-01,0,-1.068083e-04,2.747580e-01,6.216820e-01,-4.546524e-01,9.300728e-02,-1.129698e-01,-8.014356e-01,-5.090851e-01,8.183985e-01,1.809660e+00,5.281340e-01,-2.408789e-01,-2.672009e-01,4.583333e-04,-1.444003e-02,0
1.096585e-03,-1.572159e+00,7.063610e-01,-3.842290e+00,-9.723086e+00,-8.930207e+00,-1.198969e+01,-6.945360e+00,-4.629354e+00,1.558998e+00,-1.281567e+00,2.291475e+00,-1.184860e+01,1.180556e-02,3.929640e-01,0,-1.163195e-04,8.479144e-02,7.527497e-01,1.227041e-01,3.977415e-01,3.878558e-01,-2.979453e-01,-3.288642e-01,2.207510e+00,5.195886e-01,7.395503e-01,-9.262068e-01,-4.098256e-01,9.444442e-04,-2.072957e-02,0
9.364837e-04,-1.630060e+00,1.471715e+00,-3.382040e+00,-9.178660e+00,-8.583478e+00,-1.155892e+01,-7.591446e+00,3.370078e-02,1.952391e+00,-2.926341e-01,2.079484e+00,-1.124884e+01,1.319444e-02,3.870015e-01,0,-1.073553e-04,3.255874e-02,4.814347e-01,8.349616e-01,7.297866e-01,6.833788e-01,4.242337e-01,-3.233846e-01,2.407690e+00,-8.382295e-01,7.934579e-01,-7.605451e-01,-3.823498e-01,9.305553e-04,-2.459166e-02,0
8.297448e-04,-1.961114e+00,1.999182e+00,-1.843772e+00,-8.481648e+00,-6.849854e+00,-1.048244e+01,-6.259902e+00,3.020032e+00,-4.981658e-01,1.369963e+00,-7.447306e-02,-1.217756e+01,1.472222e-02,3.621244e-01,0,-7.374578e-05,1.112381e-01,3.493197e-02,1.428256e+00,1.298998e+00,9.694099e-01,5.046247e-01,-7.821205e-01,1.160976e+00,-1.461989e+00,6.521152e-01,1.437001e-01,-8.914936e-01,1.249999e-04,-3.182350e-02,0
7.686152e-04,-1.752898e+00,1.223770e+00,2.705334e-01,-6.869206e+00,-6.344950e+00,-9.614246e+00,-8.303380e+00,2.569401e+00,-2.211971e+00,1.974033e+00,1.062283e+00,-1.330323e+01,1.416667e-02,3.138988e-01,0,-1.953217e-05,5.992480e-01,-4.124270e-01,1.194564e+00,1.763202e+00,6.178616e-01,-1.437063e-01,-1.567982e+00,-7.309282e-01,-1.436274e+00,-1.794474e-01,1.466070e+00,-7.670164e-01,-9.722224e-04,-3.800587e-02,0
8.117908e-04,-9.545493e-01,1.004993e+00,1.472701e+00,-4.382823e+00,-5.202422e+00,-1.043891e+01,-1.050000e+01,-9.232239e-02,-3.668768e+00,8.456747e-01,3.518576e+00,-1.527887e+01,1.194444e-02,2.703979e-01,0,1.408978e-05,9.486502e-01,-7.317634e-01,3.869578e-01,1.990032e+00,-2.903032e-02,-7.835137e-01,-1.691560e+00,-9.341208e-01,-3.392614e-01,-7.087525e-01,2.290895e+00,7.470512e-02,-1.527778e-03,-2.565844e-02,0
8.477999e-04,8.628979e-01,-9.332573e-02,9.325442e-01,-2.412065e+00,-6.317886e+00,-1.229922e+01,-1.331131e+01,-2.064763e+00,-3.643677e+00,-9.277269e-01,7.613308e+00,-1.353327e+01,9.722222e-03,2.428354e-01,0,3.248466e-05,1.040673e+00,-8.378455e-01,-3.884000e-01,1.583368e+00,-3.713709e-01,-8.111492e-01,-8.196131e-01,1.501469e-01,6.503553e-01,-5.537890e-01,1.774593e+00,8.595763e-01,-1.152778e-03,-9.483978e-03,0
8.606014e-04,1.474239e+00,-1.001087e+00,-2.399884e-01,-7.600581e-01,-7.008537e+00,-1.305752e+01,-1.221374e+01,6.665098e-01,-1.478620e+00,-7.229192e-01,8.104488e+00,-1.168902e+01,9.305555e-03,2.693639e-01,0,1.697582e-05,8.126959e-01,-9.375309e-01,-4.629250e-01,1.141056e+00,-3.466830e-01,1.816870e-01,3.383627e-01,1.348763e+00,1.147036e+00,-2.517732e-01,8.520956e-01,1.223271e+00,1.111113e-04,1.222418e-02,0
9.066332e-04,2.236070e+00,-1.962417e+00,-8.151221e-01,-7.637496e-01,-7.298747e+00,-1.236069e+01,-1.154457e+01,2.940719e+00,-5.526865e-02,-1.061499e-02,7.642290e+00,-1.080027e+01,9.722223e-03,2.669959e-01,0,-1.298689e-05,3.552276e-01,-7.807495e-01,-1.361445e-02,8.865420e-01,5.898160e-01,1.276284e+00,9.725623e-01,9.597846e-01,3.914763e-01,-2.853465e-01,-3.573596e-01,3.377979e-01,1.458334e-03,2.050882e-02,0
8.672532e-04,2.422344e+00,-2.748116e+00,3.190960e-02,4.982979e-01,-6.445406e+00,-9.499742e+00,-9.691551e+00,4.148749e+00,2.722065e-01,-8.717471e-01,7.764563e+00,-1.052901e+01,1.250000e-02,3.194385e-01,0,-5.427923e-05,6.114542e-02,-6.884624e-01,3.122527e-01,8.242427e-01,1.084053e+00,1.288794e+00,7.599608e-01,-6.844729e-01,-7.097382e-01,-1.091553e+00,-1.139804e+00,-5.949701e-01,2.125000e-03,1.803526e-02,0
7.795395e-04,2.164984e+00,-3.123559e+00,7.285230e-01,1.391467e+00,-3.650372e+00,-7.696692e+00,-9.709595e+00,9.930403e-01,-2.561708e+00,-2.280046e+00,5.996473e+00,-1.242428e+01,1.541667e-02,3.203422e-01,0,-8.509895e-05,-1.557144e-01,-4.761908e-01,4.584560e-01,7.828495e-01,9.896539e-01,-5.442047e-03,2.911843e-01,-1.548633e+00,-1.181406e+00,-1.720475e+00,-1.750595e+00,-4.790425e-01,1.597222e-03,8.148688e-03,0
6.527521e-04,1.815510e+00,-3.862828e+00,5.494526e-01,2.283547e+00,-3.412460e+00,-8.945548e+00,-9.331424e+00,-1.782016e+00,-3.774091e+00,-5.045969e+00,3.228374e+00,-1.385186e+01,1.708333e-02,3.328671e-01,0,-7.789772e-05,-3.637093e-02,-1.806074e-01,3.824796e-01,1.932779e-01,9.996901e-02,-1.497914e+00,8.271684e-02,-5.874332e-01,-1.871338e-01,-1.705414e+00,-2.044458e+00,4.243657e-01,2.222221e-04,5.485835e-03,0
5.883891e-04,1.760915e+00,-3.786015e+00,1.218387e+00,2.257874e+00,-3.866950e+00,-1.266499e+01,-1.026872e+01,-1.837063e+00,-3.939148e+00,-6.525880e+00,1.157411e+00,-1.153406e+01,1.541667e-02,3.010251e-01,0,-5.033933e-05,1.898960e-01,3.699876e-01,4.674248e-01,-7.146303e-02,-6.714872e-01,-2.218504e+00,3.986297e-01,1.379048e+00,1.383408e+00,-1.146322e+00,-1.859871e+00,1.586297e+00,-9.861111e-04,2.150910e-02,0
5.733398e-04,2.442523e+00,-3.319925e+00,1.699376e+00,1.031484e+00,-5.837272e+00,-1.450516e+01,-8.998406e+00,2.626635e+00,2.525711e-02,-7.275898e+00,-3.819402e-02,-8.852292e+00,1.361111e-02,3.565263e-01,0,-1.439304e-05,2.741816e-01,9.351457e-01,6.790873e-01,1.838006e-01,-8.124207e-01,-2.027388e+00,5.674066e-01,2.411198e+00,2.226757e+00,-2.496443e-01,-1.222863e+00,1.661660e+00,-1.513889e-03,4.089344e-02,0
5.675490e-04,2.800957e+00,-1.545073e+00,2.490685e+00,1.660183e+00,-5.795401e+00,-1.600941e+01,-7.882955e+00,5.683956e+00,2.455660e+00,-6.896691e+00,-1.669596e+00,-6.992584e+00,1.222222e-02,4.160581e-01,0,-1.359300e-06,5.919480e-02,1.035213e+00,6.221932e-01,7.427619e-01,-4.661642e-01,-1.743806e+00,5.653594e-01,1.648424e+00,1.372409e+00,-2.838325e-03,-5.129800e-01,5.742747e-01,-1.500000e-03,3.826451e-02,0
5.912069e-04,2.666397e+00,-3.075702e-01,3.308739e+00,3.501395e+00,-6.510337e+00,-1.741028e+01,-7.687271e+00,6.513467e+00,4.162291e+00,-6.108786e+00,-1.472436e+00,-7.814303e+00,1.111111e-02,4.798177e-01,0,-1.010224e-05,-4.001641e-01,8.176849e-01,6.461303e-01,9.223501e-01,6.895127e-02,-1.460349e+00,3.202349e-01,-1.998936e-01,-2.902480e-01,-2.221641e-01,2.240994e-01,-1.185708e-01,-1.472222e-03,8.500462e-03,0
5.726590e-04,1.944953e+00,-1.161273e-01,3.524671e+00,4.736728e+00,-5.861238e+00,-1.993146e+01,-8.097486e+00,4.461642e+00,8.543827e-01,-7.123628e+00,-6.903684e-01,-9.181680e+00,9.166666e-03,4.307019e-01,0,-3.190546e-05,-8.335775e-01,4.101725e-01,5.093719e-01,1.076235e-01,4.892673e-01,-9.222553e-01,4.094151e-01,-1.013469e+00,-9.284628e-01,-7.311581e-01,2.977402e-01,-7.794061e-02,-1.222222e-03,-2.364127e-02,0
5.202736e-04,8.697049e-01,5.402752e-02,4.413034e+00,4.104963e+00,-5.459597e+00,-1.984588e+01,-7.289966e+00,2.238324e+00,-6.253442e-01,-8.273250e+00,5.926890e-01,-8.350598e+00,7.777778e-03,3.917067e-01,0,-5.523830e-05,-1.150208e+00,2.560406e-01,4.325317e-01,-7.153379e-01,9.581893e-01,-5.215227e-01,4.926434e-01,-8.838257e-01,-3.868098e-01,-1.635108e-01,-3.367794e-02,4.964333e-01,-4.722220e-04,-3.959123e-02,0
4.434883e-04,-4.685847e-01,3.249905e-01,4.485397e+00,1.896517e+00,-3.874435e+00,-1.940289e+01,-6.034532e+00,2.754180e+00,2.071636e-01,-9.470249e+00,-1.213458e+00,-7.114140e+00,7.777778e-03,3.419073e-01,0,-6.108238e-05,-1.194521e+00,1.510658e-01,2.957718e-01,-1.067208e+00,1.169877e+00,-5.720646e-01,3.051201e-01,-9.909825e-02,6.183286e-01,1.195285e+00,-3.927026e-01,1.034680e+00,8.888891e-04,-4.087020e-02,0
3.796007e-04,-1.877875e+00,7.520737e-01,4.991035e+00,1.344811e+00,-2.712793e+00,-2.028219e+01,-6.255531e+00,2.948070e+00,2.551851e+00,-5.753029e+00,-1.379281e+00,-6.365906e+00,9.444444e-03,3.262589e-01,0,-5.485943e-05,-1.089578e+00,-4.300123e-02,-1.787372e-01,-8.674865e-01,1.207983e+00,-1.006639e+00,1.877142e-01,2.081835e-01,5.122873e-01,2.048624e+00,-6.431563e-01,1.256665e+00,2.166667e-03,-3.512288e-02,0
3.375835e-04,-2.653864e+00,2.901784e-01,4.714530e+00,7.807662e-01,-1.385253e+00,-2.257363e+01,-7.089103e+00,3.611278e+00,2.357428e+00,-2.407315e+00,-1.667896e+00,-5.000625e+00,1.277778e-02,2.590748e-01,0,-4.560469e-05,-8.838491e-01,-1.634685e-01,-4.827108e-01,-6.094636e-01,8.090309e-01,-9.845819e-01,-5.841079e-02,-1.623457e-01,-5.180485e-01,1.650395e+00,-5.667652e-01,1.463261e+00,2.777778e-03,-3.155330e-02,0
2.989288e-04,-3.485547e+00,-1.435726e-01,3.404782e+00,3.254058e-01,-6.642753e-01,-2.329370e+01,-5.824110e+00,2.850693e+00,8.609601e-01,-1.561598e+00,-2.395873e+00,-3.124028e+00,1.611111e-02,2.575086e-01,0,-3.636015e-05,-6.228014e-01,4.182185e-02,-4.960081e-01,-7.669166e-01,1.981745e-01,-3.463829e-01,2.640305e-02,-5.613709e-01,-1.451420e+00,1.633130e-01,-7.273718e-01,8.719456e-01,2.222223e-03,-1.533207e-02,0
2.558008e-04,-4.083994e+00,-4.452877e-02,2.864969e+00,-6.410985e-01,-8.535388e-01,-2.282004e+01,-6.542297e+00,1.991140e+00,-1.537633e+00,-3.313988e+00,-3.538987e+00,-1.418772e+00,1.833333e-02,2.185159e-01,0,-2.843228e-05,-3.588039e-01,4.401828e-01,-5.670721e-02,-4.363579e-01,-1.253426e-01,5.774191e-01,5.119472e-02,-8.903753e-01,-1.687367e+00,-2.570508e-01,-1.188148e-01,-2.465128e-01,7.500000e-04,4.938927e-03,0
2.386913e-04,-4.276816e+00,1.128537e+00,3.435775e+00,-1.778840e+00,-1.987778e+00,-2.189090e+01,-6.396919e+00,9.512840e-01,-2.757717e+00,-4.483127e+00,-4.080595e+00,-3.797105e+00,1.777778e-02,2.698780e-01,0,-2.008058e-05,-7.937331e-02,9.162690e-01,5.160131e-01,-2.303943e-03,1.647138e-01,9.606146e-01,3.153691e-01,-3.109605e-01,-9.776312e-01,1.547031e-01,6.573920e-01,-1.266969e+00,-9.861111e-04,1.998221e-02,0
2.255409e-04,-4.052248e+00,1.855038e+00,4.415497e+00,-3.489002e-01,-1.350215e+00,-2.038794e+01,-6.546725e+00,1.091053e-01,-4.270071e+00,-2.231805e+00,-1.419610e+00,-5.896650e+00,1.569444e-02,2.775847e-01,0,-1.635670e-05,-6.600101e-02,8.496252e-01,6.652864e-01,6.766223e-01,1.027398e+00,1.356077e+00,1.104217e+00,6.712779e-01,-3.894164e-02,4.417140e-01,1.248303e+00,-9.698749e-01,-2.194444e-03,2.988061e-02,0
2.136559e-04,-3.898287e+00,3.487989e+00,5.209584e+00,1.677870e-01,4.076317e-01,-1.970668e+01,-4.245050e+00,2.236907e+00,-2.660977e+00,-1.329175e+00,-1.686019e-01,-7.219933e+00,1.250000e-02,3.278852e-01,0,-1.854825e-05,-3.008083e-01,5.397803e-01,7.019494e-01,8.090618e-01,1.366408e+00,1.545686e+00,1.367095e+00,1.236184e+00,4.331571e-01,-2.709591e-01,1.493633e+00,2.819982e-01,-1.930556e-03,1.629644e-02,0
1.865350e-04,-4.603264e+00,3.023871e+00,5.304496e+00,1.768700e+00,3.085746e+00,-1.713176e+01,-2.097148e+00,4.704718e+00,-1.780712e+00,-2.682395e+00,7.465301e-01,-4.556733e+00,1.000000e-02,3.389154e-01,0,-2.013340e-05,-6.251205e-01,2.290269e-01,6.060277e-01,1.753316e-01,5.871943e-01,1.509359e+00,1.272782e+00,1.271818e+00,4.166768e-01,-1.477049e+00,1.105627e+00,1.269085e+00,-3.750002e-04,3.056955e-03,0
1.654530e-04,-5.505350e+00,3.243022e+00,6.501022e+00,1.207669e+00,2.626283e+00,-1.579056e+01,-1.786232e+00,4.834399e+00,-1.836611e+00,-5.612628e+00,2.304502e+00,-3.057072e+00,1.097222e-02,3.206948e-01,0,-1.887083e-05,-7.013868e-01,2.206024e-01,5.552713e-01,-3.585454e-01,-7.048042e-01,9.705359e-01,4.818646e-01,2.447003e-01,-2.256980e-01,-1.626489e+00,1.038913e+00,1.576552e+00,1.763889e-03,-2.281550e-02,0
1.489754e-04,-6.374320e+00,3.122656e+00,6.799917e+00,7.816792e-03,4.764306e-01,-1.479920e+01,-1.412221e+00,5.169451e+00,-2.598870e+00,-7.475321e+00,2.871972e+00,-1.632658e+00,1.458333e-02,2.964647e-01,0,-1.491876e-05,-5.181657e-01,6.293037e-01,3.955757e-01,-6.553379e-01,-1.448720e+00,1.878584e-01,-1.709964e-01,-4.717707e-01,-5.339738e-02,-4.783161e-01,3.721568e-01,7.130219e-01,2.583333e-03,-3.635353e-02,0
1.380816e-04,-6.519693e+00,4.541609e+00,7.238230e+00,-7.444983e-01,-1.811732e+00,-1.602028e+01,-2.178190e+00,3.228042e+00,-3.380388e+00,-7.065159e+00,3.963240e+00,-7.992125e-01,1.902778e-02,2.350331e-01,0,-1.247605e-05,-2.848942e-01,6.780218e-01,-1.117491e-01,-8.898199e-04,-8.133640e-01,4.771948e-02,-4.987246e-01,-1.016146e+00,5.017409e-01,9.101093e-01,-2.146033e-01,9.670258e-03,2.263889e-03,-3.607494e-02,0
1.256269e-04,-6.686922e+00,5.521096e+00,6.913771e+00,-5.319063e-01,-1.938848e+00,-1.607761e+01,-2.756151e+00,3.149043e+00,-1.275810e+00,-4.347710e+00,1.777945e+00,-2.120553e+00,1.888889e-02,1.999786e-01,0,-1.078316e-05,-3.539471e-01,4.749799e-01,-4.883665e-01,5.405000e-01,4.988485e-01,4.751522e-01,-6.550251e-01,-1.436676e+00,1.067823e+00,1.464251e+00,-5.032336e-01,-6.018022e-01,1.527778e-03,-2.318720e-02,0
1.147470e-04,-6.773520e+00,5.433911e+00,5.885349e+00,1.473081e+00,-2.328982e-01,-1.491276e+01,-3.607890e+00,7.638741e-01,1.056361e-02,-2.625887e+00,1.778499e+00,-2.764773e+00,2.013889e-02,1.885632e-01,0,-9.007694e-06,-5.442064e-01,1.184190e-01,-6.892542e-01,5.142127e-01,1.295629e+00,1.259344e+00,2.888019e-02,-1.188607e+00,1.137214e+00,1.138726e+00,-1.727674e-01,-2.330411e-01,8.888889e-04,-8.814139e-03,0
1.067269e-04,-8.017141e+00,5.051404e+00,5.034524e+00,1.601527e+00,2.181257e+00,-1.297720e+01,-3.972497e+00,-7.818434e-01,1.044771e+00,-2.373703e+00,1.448175e+00,-3.658888e+00,2.166667e-02,2.037636e-01,0,-6.122288e-06,-6.552090e-01,5.832352e-02,-4.623426e-01,2.383518e-01,1.469477e+00,1.471844e+00,6.954077e-01,-1.446315e+00,1.744559e-01,3.644526e-01,2.986630e-01,3.786808e-01,3.611112e-04,1.003896e-03,0
1.024931e-04,-8.575615e+00,5.368549e+00,4.731583e+00,7.598486e-01,2.606360e+00,-1.127376e+01,-1.425616e+00,-7.495482e-01,1.145392e+00,-2.358532e+00,3.264288e+00,-1.195251e+00,2.208333e-02,1.890699e-01,0,-3.382200e-06,-5.588255e-01,2.845160e-01,-2.722025e-02,-2.027007e-01,5.153089e-01,7.490699e-01,9.952124e-01,-1.043100e+00,-3.620337e-01,5.383921e-02,2.725843e-01,7.866985e-01,-2.777781e-05,2.671939e-03,0
1.011424e-04,-9.061919e+00,5.845394e+00,5.178941e+00,1.016469e+00,3.988909e+00,-1.053789e+01,-3.702497e-01,-3.325821e+00,-9.709447e-01,-2.659124e+00,2.528366e+00,-1.011910e+00,1.972222e-02,2.047447e-01,0,-1.960814e-06,-3.146102e-01,2.466940e-01,4.849648e-02,-2.154509e-01,-1.248497e-01,-1.125336e-02,4.518946e-01,-7.296371e-01,-6.664804e-01,-1.959985e-01,-1.773599e-01,4.189697e-01,9.722220e-04,2.214590e-03,0
1.006282e-04,-9.045259e+00,6.459496e+00,5.677040e+00,7.521071e-01,1.439820e+00,-1.238706e+01,-4.329518e-01,-3.179636e+00,-7.917471e-01,-2.213980e+00,2.601325e+00,-1.547697e-01,2.097222e-02,2.014323e-01,0,-1.852914e-06,-3.190491e-01,-4.003382e-03,-2.858918e-01,-3.428616e-01,-7.373831e-01,-1.169477e-01,2.240233e-02,-3.069153e-01,-7.232419e-01,-1.195583e-02,-5.934901e-01,-1.124696e-01,3.180555e-03,-3.767052e-03,0
9.785526e-05,-9.355371e+00,5.739401e+00,4.804278e+00,5.281436e-01,2.140278e+00,-1.247682e+01,-2.209356e+00,-3.214985e+00,-1.319062e+00,-3.425971e+00,8.928566e-01,-2.084280e+00,2.708333e-02,2.086554e-01,0,-2.215674e-06,-4.114580e-01,-3.719376e-01,-7.039160e-01,-4.313057e-01,-7.946261e-01,6.983745e-01,5.121933e-01,4.705132e-01,-2.123667e-01,7.615258e-01,-6.692736e-02,-3.055423e-01,4.500000e-03,-1.323134e-02,0
9.487211e-05,-1.002413e+01,5.401529e+00,3.489455e+00,-7.102966e-01,-1.562397e-01,-1.088904e+01,-3.940514e-01,-2.339543e+00,-2.296759e+00,-2.034888e+00,1.114592e+00,-1.221414e+00,3.430555e-02,1.682793e-01,0,-2.655982e-06,-5.058790e-01,-4.814485e-01,-7.373567e-01,-2.005823e-01,-3.962882e-01,1.374048e+00,9.716223e-01,7.647684e-01,-1.910443e-01,1.472773e+00,5.762112e-01,-3.235460e-01,4.569445e-03,-1.500338e-02,0
9.294210e-05,-1.062977e+01,4.514690e+00,2.753154e+00,-4.088573e-01,8.138082e-01,-7.795033e+00,2.171267e+00,-1.393302e+00,-1.280272e+00,1.058959e+00,2.937095e+00,-2.006300e+00,3.555556e-02,1.551646e-01,0,-3.046429e-06,-4.462610e-01,-2.164309e-01,-3.051321e-01,1.579274e-01,-2.337199e-01,1.516153e+00,8.764830e-01,1.096267e+00,6.091257e-01,1.571626e+00,1.102687e+00,6.360686e-02,4.388890e-03,-1.173704e-02,0
8.980488e-05,-1.093745e+01,4.664609e+00,3.015819e+00,2.176964e-01,1.216136e-01,-7.857717e+00,2.234848e+00,-2.666357e-01,-1.766363e+00,2.907419e+00,4.460262e+00,-1.811489e+00,3.958333e-02,1.531609e-01,0,-3.552503e-06,-1.800899e-01,9.553728e-02,1.521914e-01,4.198945e-01,1.610703e-01,1.252943e+00,2.511996e-02,9.040047e-01,3.366629e-01,3.292514e-01,4.952621e-01,-1.529795e-01,4.138890e-03,-5.348980e-03,0
8.515673e-05,-1.113002e+01,5.025707e+00,3.515436e+00,8.537843e-01,8.327522e-01,-6.411711e+00,8.586089e-01,1.229899e+00,1.461369e+00,1.961007e+00,4.733458e+00,-1.471208e+00,4.638889e-02,1.575294e-01,0,-3.062198e-06,-8.939143e-02,4.176999e-01,3.646458e-01,1.821015e-01,1.444746e-02,1.000395e+00,-3.977071e-01,4.710811e-02,-3.748769e-01,-8.587645e-01,-5.645500e-01,-6.993067e-03,3.305556e-03,-5.539900e-03,0
8.100228e-05,-1.067446e+01,5.623707e+00,3.869271e+00,7.578549e-01,6.396398e-01,-5.315983e+00,3.878773e-01,8.688801e-01,-1.984265e+00,-8.396547e-01,2.692722e+00,-2.253857e+00,4.958333e-02,1.403520e-01,0,-1.128273e-06,-6.966028e-02,1.597373e-01,3.146936e-01,2.787928e-02,-1.298957e-02,3.479076e-01,-4.437487e-01,-7.737741e-01,-9.457544e-01,-9.062268e-01,-8.767055e-01,-2.317775e-01,1.805555e-04,-8.026150e-03,0
8.203241e-05,-1.120822e+01,6.123641e+00,4.149656e+00,2.315708e-01,6.270324e-01,-4.063925e+00,1.106217e+00,-1.725519e+00,-3.045706e+00,-1.361327e+00,9.981155e-01,-1.820081e+00,4.708333e-02,1.338695e-01,0,3.828204e-06,-7.164478e-02,-4.522839e-01,7.317822e-02,1.412798e-01,-4.182002e-02,-9.535440e-01,-7.725787e-01,-1.170858e+00,-6.506304e-01,4.632534e-01,-4.748847e-01,-1.439115e-01,-2.444445e-03,-6.359032e-03,0
8.572567e-05,-1.124665e+01,4.914329e+00,4.272177e+00,6.681995e-01,1.595256e-01,-7.292072e+00,-1.076992e-01,-2.657797e+00,-4.241598e+00,3.745246e-02,1.944405e+00,-2.795940e+00,4.013889e-02,1.248601e-01,0,1.722740e-05,6.064432e-01,-9.166344e-01,-2.965946e-01,-1.555225e-02,-6.594570e-02,-2.272961e+00,-1.778796e+00,-5.462832e-01,7.872999e-01,1.344096e+00,-2.911994e-01,-3.786776e-01,-3.930556e-03,4.187656e-03,0
1.019360e-04,-1.120215e+01,3.118976e+00,3.679874e+00,1.605011e+00,8.637092e-01,-1.019139e+01,-2.756496e+00,-2.861050e+00,-6.631172e-01,3.838721e+00,2.733192e+00,-1.919724e+00,3.888889e-02,1.334802e-01,0,1.077550e-04,1.760984e+00,-1.369752e+00,-1.747400e-01,-1.256792e+00,6.897414e-03,-3.414331e+00,-2.482038e+00,5.069397e-01,1.277419e+00,8.272455e-01,-1.150370e+00,-9.112390e-01,-4.361111e-03,3.052169e-02,0
1.571874e-04,-7.645285e+00,2.542867e+00,2.621189e+00,-6.626447e-03,1.915729e-01,-1.361706e+01,-6.574747e+00,-1.294771e+00,7.609400e-01,3.280801e+00,3.691861e-01,-4.097424e+00,3.402778e-02,1.614849e-01,0,3.326354e-04,2.441644e+00,-1.691577e+00,2.901502e-01,-3.316584e+00,9.220899e-02,-4.215052e+00,-2.359685e+00,1.283300e+00,7.306656e-01,-1.169494e+00,-2.901070e+00,-1.225845e+00,-4.527777e-03,5.560715e-02,0
5.850763e-04,-4.203989e+00,4.606095e-01,4.101450e+00,-5.714978e+00,6.454958e-01,-1.797309e+01,-8.070450e+00,1.276660e-01,8.401201e-01,1.153226e+00,-3.966122e+00,-5.725535e+00,2.833333e-02,2.681655e-01,0,6.460979e-04,1.892580e+00,-2.400362e+00,1.319332e+00,-4.613538e+00,4.490224e-01,-4.574775e+00,-1.568412e+00,1.716927e+00,-8.200322e-01,-2.928622e+00,-3.768357e+00,-9.768888e-01,-3.930555e-03,6.522727e-02,0
1.507333e-03,-2.537508e+00,-2.214371e+00,5.512140e+00,-1.225473e+01,7.296773e-01,-2.447648e+01,-9.249150e+00,2.264344e+00,-1.339888e+00,-4.467270e+00,-9.211289e+00,-7.022258e+00,2.277778e-02,3.355531e-01,0,8.078528e-04,3.401542e-01,-3.015653e+00,2.219600e+00,-3.826646e+00,4.400628e-01,-3.658953e+00,-8.808780e-01,1.588144e+00,-1.278032e+00,-3.011485e+00,-3.403880e+00,8.144169e-02,-1.736111e-03,4.335990e-02,0
2.657353e-03,-4.293135e+00,-6.504215e+00,8.831058e+00,-1.533863e+01,2.839769e+00,-2.763555e+01,-9.261353e+00,3.944026e+00,-3.712864e+00,-6.930357e+00,-1.131835e+01,-5.341751e+00,2.486111e-02,3.725824e-01,0,6.239839e-04,-6.243073e-01,-2.496400e+00,2.528784e+00,-1.071978e+00,-5.315275e-01,-1.909186e+00,-9.861336e-01,9.761704e-01,-5.872725e-01,-1.712307e+00,-2.423465e+00,8.025320e-01,2.083328e-04,2.159474e-02,0
3.160314e-03,-5.899940e+00,-9.052986e+00,1.135439e+01,-1.432803e+01,1.294751e+00,-2.708059e+01,-1.038369e+01,4.737769e+00,-3.352729e+00,-7.734835e+00,-1.297410e+01,-3.882107e+00,2.708333e-02,3.260759e-01,0,1.798683e-04,-5.159677e-01,-1.362878e+00,2.232440e+00,1.341780e+00,-2.043257e+00,-3.395119e-02,-1.147422e+00,-2.946053e-01,8.835822e-01,3.463098e-01,-1.650549e+00,7.907354e-01,2.083329e-04,1.602634e-02,0
2.878506e-03,-5.644309e+00,-8.602086e+00,1.382425e+01,-1.003821e+01,-2.294678e+00,-2.621696e+01,-1.243385e+01,3.771806e+00,-1.089822e+00,-5.774525e+00,-1.420204e+01,-3.282950e+00,2.722222e-02,3.808778e-01,0,-2.186627e-04,3.725132e-01,1.604391e-01,1.191244e+00,2.268230e+00,-3.136569e+00,9.006850e-01,-1.212125e+00,-1.205477e+00,1.562914e+00,1.115814e+00,-1.485863e+00,1.556376e-01,-1.555556e-03,2.591031e-02,0
2.296098e-03,-4.441760e+00,-7.979826e+00,1.417775e+01,-8.196033e+00,-6.919386e+00,-2.535553e+01,-1.340001e+01,8.774281e-01,1.766501e+00,-3.313637e+00,-1.602219e+01,-4.097982e+00,2.263889e-02,4.115371e-01,0,-3.474508e-04,9.448457e-01,7.966059e-01,3.013345e-01,1.657759e+00,-2.789464e+00,1.620019e+00,-6.994942e-01,-1.650864e+00,9.038284e-01,8.840102e-01,-8.237464e-01,-2.990937e-02,-2.736111e-03,2.776980e-02,0
1.996147e-03,-3.159659e+00,-6.238600e+00,1.337560e+01,-7.063477e+00,-8.736012e+00,-2.399466e+01,-1.381382e+01,-1.531875e-01,1.542092e+00,-3.561887e+00,-1.722362e+01,-4.455626e+00,1.930556e-02,4.594034e-01,0,-2.510994e-04,8.882791e-01,5.747543e-01,-1.167594e-01,8.506891e-01,-1.929775e+00,1.920156e+00,-6.672440e-02,-1.406951e+00,-2.189133e-01,-1.743228e-02,2.884254e-01,5.694065e-01,-2.444444e-03,6.215307e-03,0
1.864239e-03,-2.418037e+00,-6.251699e+00,1.308538e+01,-7.526605e+00,-9.431905e+00,-2.009165e+01,-1.319117e+01,-1.554056e+00,-1.495442e-01,-4.421103e+00,-1.558204e+01,-3.445317e+00,1.736111e-02,4.256622e-01,0,-1.165656e-04,5.770720e-01,1.069983e-01,-8.180599e-02,5.845314e-01,-1.103397e+00,1.806855e+00,6.739270e-01,-8.590097e-01,-8.045242e-01,-7.788393e-01,1.200674e+00,1.189462e+00,-1.250000e-03,-5.894003e-03,0
1.838938e-03,-2.214774e+00,-6.592378e+00,1.378663e+01,-6.119483e+00,-1.068729e+01,-1.924813e+01,-1.287189e+01,-2.047206e+00,-1.226366e+00,-5.307953e+00,-1.297999e+01,-7.622505e-01,1.763889e-02,4.048918e-01,0,-3.742635e-05,2.510172e-01,-4.447718e-01,2.426291e-02,7.848788e-01,-8.829758e-01,1.122688e+00,1.419378e+00,-6.450731e-01,-6.871792e-01,-9.104177e-01,1.250072e+00,1.274913e+00,-5.694443e-04,-1.018756e-02,0
1.791874e-03,-2.028842e+00,-7.267946e+00,1.356320e+01,-5.745372e+00,-1.146073e+01,-1.869452e+01,-1.050134e+01,-2.470611e+00,-8.718905e-01,-6.334801e+00,-1.214064e+01,2.639214e-03,1.722222e-02,4.093229e-01,0,-2.689353e-05,1.172631e-01,-4.091392e-01,-3.881435e-02,1.350129e+00,-9.287876e-01,7.759216e-01,2.125755e+00,-4.045664e-01,-4.052480e-01,-7.511210e-01,5.011414e-01,3.726169e-01,-4.166670e-04,6.712148e-03,0
1.845198e-03,-2.099170e+00,-7.954336e+00,1.325800e+01,-4.029699e+00,-1.213648e+01,-1.907978e+01,-8.061843e+00,-2.920275e+00,-1.532631e+00,-7.157127e+00,-1.269396e+01,1.949605e-01,1.652778e-02,4.166352e-01,0,-6.413466e-05,3.586587e-02,-2.467865e-01,-8.045864e-02,1.863169e+00,-7.248304e-01,1.434147e+00,2.074657e+00,-3.547829e-01,-6.323187e-01,-4.099731e-01,-5.176125e-02,-8.382355e-01,-6.111115e-04,9.905457e-03,0
1.726641e-03,-1.889523e+00,-7.616416e+00,1.315563e+01,-1.820851e+00,-1.335125e+01,-1.629621e+01,-4.967423e+00,-3.140353e+00,-2.022652e+00,-7.252121e+00,-1.321935e+01,-2.060838e+00,1.583333e-02,4.533512e-01,0,-1.336101e-04,-1.631655e-01,1.911221e-02,2.689438e-01,2.385341e+00,-1.830423e-01,2.490178e+00,1.319341e+00,-8.273764e-02,-7.634985e-01,-3.417082e-01,-3.752907e-01,-1.458287e+00,-3.472225e-04,2.598810e-03,0
1.550882e-03,-2.105104e+00,-7.652075e+00,1.358812e+01,1.234101e+00,-1.336619e+01,-1.327654e+01,-5.265563e+00,-3.486249e+00,-3.812578e+00,-6.899158e+00,-1.269944e+01,-3.921689e+00,1.527778e-02,4.324050e-01,0,-2.064516e-04,-4.785289e-01,5.556827e-02,2.067564e-01,2.022125e+00,4.738213e-01,2.519237e+00,9.225601e-01,6.357514e-01,2.838865e-02,-2.115345e-01,-3.019689e-01,-1.254751e+00,8.333307e-05,-8.707782e-03,0
1.270982e-03,-2.841703e+00,-7.323515e+00,1.474286e+01,3.549433e+00,-1.176109e+01,-9.145251e+00,-5.302773e+00,-2.601313e+00,-3.549409e+00,-8.172326e+00,-1.401435e+01,-5.230473e+00,1.611111e-02,4.144320e-01,0,-2.307506e-04,-6.841787e-01,5.998459e-02,-3.572410e-01,9.917676e-01,7.785093e-01,1.115572e+00,2.917435e-01,5.379804e-01,9.504589e-01,2.338141e-01,-5.599251e-02,9.579382e-02,7.083331e-04,-1.218457e-02,0
1.040770e-03,-4.015725e+00,-7.822945e+00,1.349817e+01,3.395782e+00,-1.056246e+01,-1.005908e+01,-3.281367e+00,-1.103886e-02,-6.273087e-01,-7.754697e+00,-1.380631e+01,-4.493978e+00,1.680555e-02,3.925559e-01,0,-1.890099e-04,-5.614883e-01,-4.701185e-03,-1.135634e+00,-5.351686e-03,4.039600e-01,-1.152371e+00,3.893201e-01,-2.784437e-01,1.304294e+00,5.335388e-01,8.259342e-01,1.023030e+00,1.305556e-03,-1.466103e-02,0
8.279441e-04,-4.355107e+00,-7.231059e+00,1.141440e+01,2.057146e+00,-1.086057e+01,-1.232708e+01,-4.500803e+00,-2.188056e+00,1.137008e+00,-5.655282e+00,-1.294588e+01,-1.295724e+00,1.861111e-02,4.123529e-01,0,2.013950e-06,-6.617798e-01,6.827974e-03,-1.828246e+00,-5.559353e-02,3.430471e-01,-3.296151e+00,3.940668e-02,-1.434934e+00,2.000343e-01,-1.001735e-01,2.513321e+00,8.733023e-01,2.513889e-03,-2.935952e-02,0
8.273511e-04,-4.155844e+00,-7.721809e+00,9.574185e+00,1.953486e+00,-1.179664e+01,-1.744748e+01,-3.719947e+00,-5.085096e+00,3.656837e-01,-5.489987e+00,-9.104007e+00,-7.739120e-01,2.055556e-02,3.601394e-01,0,4.155333e-04,-1.768017e+00,5.623841e-01,-1.324852e+00,2.446354e-01,8.608607e-01,-3.592311e+00,1.363983e-01,-1.899371e+00,-1.253894e+00,-1.749260e+00,3.990043e+00,-4.152669e-01,5.541667e-03,-5.298830e-02,0
1.387761e-03,-6.080542e+00,-7.339943e+00,7.563621e+00,3.992614e+00,-9.428756e+00,-2.193180e+01,-4.886449e+00,-7.238953e+00,-3.045734e+00,-9.805549e+00,-3.798895e+00,-2.723994e+00,2.680556e-02,2.838427e-01,0,9.292747e-04,-3.556031e+00,1.325175e+00,-4.381503e-01,6.297050e-02,1.485361e+00,-3.015010e+00,2.963242e-01,-9.741806e-01,-1.400099e+00,-2.775322e+00,4.479559e+00,-1.770386e+00,9.597221e-03,-5.848060e-02,0
2.838528e-03,-1.199309e+01,-4.956583e+00,8.799297e+00,3.651225e+00,-6.974058e+00,-2.321827e+01,-2.406553e+00,-6.982447e+00,-4.805406e+00,-1.442586e+01,1.570414e+00,-5.856178e+00,4.041667e-02,1.918695e-01,0,1.096590e-03,-4.587322e+00,2.185673e+00,7.032089e-01,-7.314166e-01,1.338114e+00,-1.030106e+00,-2.070751e-02,-4.147997e-02,-4.514833e-01,-2.041353e+00,3.150951e+00,-1.824458e+00,1.218055e-02,-3.792926e-02,0
4.468729e-03,-1.821663e+01,-1.987796e+00,9.611091e+00,1.523129e+00,-5.845058e+00,-2.451674e+01,-3.675879e+00,-6.110283e+00,-3.277942e+00,-1.506395e+01,4.114707e+00,-7.606520e+00,5.666666e-02,2.040849e-01,0,7.028569e-04,-3.559401e+00,2.068850e+00,1.273268e+00,-1.061977e+00,-2.783751e-02,7.605097e-01,-5.622800e-01,4.644953e-01,6.542279e-01,-5.002308e-03,8.211118e-01,-1.304125e+00,9.500000e-03,-8.285333e-03,0
4.769817e-03,-2.102441e+01,5.304855e-01,1.206649e+01,-4.688551e-01,-6.897924e+00,-2.130554e+01,-4.428769e+00,-5.856831e+00,-1.775629e+00,-1.306755e+01,2.693949e+00,-7.454941e+00,6.652778e-02,2.103720e-01,0,-5.581561e-05,-6.148399e-01,1.047343e+00,6.252880e-02,-5.932151e-01,-1.432480e+00,1.910187e+00,-1.493659e+00,4.234463e-01,6.688924e-01,9.380751e-01,-1.420719e+00,-9.728329e-01,1.819445e-03,1.380439e-02,0
3.936401e-03,-1.936189e+01,2.607740e-01,1.229636e+01,7.427683e-01,-9.606010e+00,-1.908562e+01,-6.686741e+00,-5.479285e+00,-1.289483e+00,-1.050972e+01,-2.551034e-01,-8.445240e+00,6.125000e-02,2.331648e-01,0,-5.679574e-04,2.289079e+00,-2.960734e-01,-1.796942e+00,-1.293774e-01,-2.350495e+00,2.241123e+00,-1.841454e+00,3.977900e-01,8.447502e-02,6.784139e-01,-2.726782e+00,-1.302692e+00,-6.874998e-03,3.416774e-02,0
2.825614e-03,-1.449467e+01,-8.441511e-01,7.769306e+00,1.075330e+00,-1.225598e+01,-1.638289e+01,-8.369414e+00,-5.180715e+00,-2.455173e+00,-1.201260e+01,-3.348273e+00,-1.030098e+01,4.722222e-02,2.463515e-01,0,-5.133276e-04,3.744938e+00,-1.570100e+00,-3.781359e+00,-4.686518e-01,-2.191328e+00,1.186805e+00,-1.712126e+00,8.854281e-01,-2.160925e-01,-6.466470e-01,-2.925744e+00,-1.890831e+00,-1.148611e-02,5.745489e-02,0
2.601044e-03,-1.003611e+01,-2.780845e+00,2.774975e+00,1.041499e-01,-1.491850e+01,-1.577245e+01,-1.091283e+01,-4.459392e+00,-2.515795e+00,-1.219936e+01,-6.498091e+00,-1.269696e+01,3.194445e-02,3.569338e-01,0,-1.613356e-04,3.398404e+00,-2.042396e+00,-3.893703e+00,-1.800156e+00,-1.184630e+00,4.170280e-01,-9.712803e-01,1.428149e+00,-2.952740e-01,-1.044029e+00,-2.463906e+00,-2.175864e+00,-1.065278e-02,7.174332e-02,0
2.870858e-03,-6.962606e+00,-5.799204e+00,-2.079605e+00,-2.492805e+00,-1.519832e+01,-1.702810e+01,-1.087636e+01,-1.939637e+00,-2.242936e+00,-1.545596e+01,-8.813279e+00,-1.478323e+01,2.375000e-02,4.357619e-01,0,1.596579e-04,2.140269e+00,-1.877264e+00,-2.534390e+00,-2.900608e+00,6.105438e-01,2.167120e-02,-6.274103e-01,1.564987e+00,-7.103626e-02,-6.270617e-01,-1.796586e+00,-2.216753e+00,-7.055555e-03,5.673253e-02,0
3.107101e-03,-6.135899e+00,-7.473679e+00,-2.247701e+00,-6.473944e+00,-1.405799e+01,-1.667787e+01,-1.028967e+01,4.091831e-02,-2.871972e+00,-1.400818e+01,-9.842132e+00,-1.708344e+01,1.972222e-02,4.971762e-01,0,2.045056e-04,1.042356e+00,-1.029778e+00,-8.582001e-01,-3.201484e+00,2.217471e+00,-5.245123e-02,-3.396259e-01,7.994100e-01,-2.435013e-01,2.232481e-01,-1.208469e+00,-1.635814e+00,-3.625000e-03,2.783921e-02,0
3.370875e-03,-5.743427e+00,-7.884052e+00,-2.391308e+00,-1.013866e+01,-9.633515e+00,-1.582183e+01,-1.181804e+01,3.940639e-01,-2.632266e+00,-1.424350e+01,-1.065918e+01,-1.919151e+01,1.805556e-02,4.598930e-01,0,1.477945e-04,5.048488e-01,-7.754536e-02,2.164960e-01,-2.450920e+00,3.134441e+00,-4.600847e-01,-4.595340e-01,-2.091214e-01,-1.724857e-01,1.245404e+00,-7.992768e-01,-4.995770e-01,-1.833333e-03,1.734595e-02,1.314169e+01
3.373563e-03,-5.433922e+00,-6.887308e+00,-1.360174e+00,-1.208034e+01,-6.613548e+00,-1.663784e+01,-1.214011e+01,-1.629192e+00,-3.538636e+00,-1.168935e+01,-1.161749e+01,-1.867189e+01,1.666667e-02,4.840643e-01,0,4.320566e-05,5.246762e-01,3.310674e-01,2.978830e-01,-1.323631e+00,2.791443e+00,-1.333081e+00,-4.186131e-01,-8.544472e-01,-3.315592e-01,1.247340e+00,-3.706006e-01,8.491640e-01,-9.166669e-04,1.614629e-02,3.282734e+01
3.476599e-03,-4.789350e+00,-6.480116e+00,-1.440889e+00,-1.194421e+01,-3.248338e+00,-1.934854e+01,-1.224881e+01,-2.150188e+00,-2.772032e+00,-1.038836e+01,-1.192199e+01,-1.648689e+01,1.611111e-02,5.290475e-01,6.570843e+01,-1.122575e-04,6.898454e-01,3.114756e-01,1.643830e-01,-2.757839e-01,1.482115e+00,-1.238715e+00,-2.820354e-01,-1.056375e+00,-2.342016e-01,1.210084e+00,-7.791195e-02,1.496934e+00,-3.333336e-04,1.712540e-02,3.938474e+01
3.270267e-03,-3.989556e+00,-6.520309e+00,-1.233496e+00,-1.218933e+01,-3.293365e+00,-2.157992e+01,-1.216736e+01,-2.959192e+00,-4.459885e+00,-9.699054e+00,-1.106373e+01,-1.418993e+01,1.611111e-02,5.433303e-01,1.312825e+02,-2.558212e-04,6.679872e-01,5.536456e-02,-5.914108e-02,5.323903e-01,-5.785704e-03,5.265465e-02,-3.670883e-02,-8.301947e-01,4.315266e-01,8.951343e-01,-1.165634e-01,8.521264e-01,-1.862645e-10,-1.495039e-03,1.967221e+01
2.861236e-03,-3.016383e+00,-6.510174e+00,-1.632732e+00,-1.146309e+01,-3.883033e+00,-1.954436e+01,-1.321460e+01,-4.222810e+00,-3.342649e+00,-9.188228e+00,-1.132562e+01,-1.394782e+01,1.666667e-02,5.158870e-01,1.312825e+02,-3.552680e-04,5.495363e-01,-9.606013e-02,-2.936073e-01,1.077512e+00,-1.445633e+00,1.180566e+00,4.683615e-01,-9.591143e-01,1.244112e+00,1.236900e+00,-4.059609e-01,8.655834e-03,2.777763e-05,-3.046846e-03,-1.971253e+01
2.402139e-03,-2.980469e+00,-6.595457e+00,-1.559958e+00,-9.658950e+00,-6.325129e+00,-1.627666e+01,-1.184076e+01,-4.743855e+00,-1.095695e+00,-7.813740e+00,-1.249849e+01,-1.568079e+01,1.638889e-02,4.831694e-01,6.557404e+01,-3.067676e-04,3.296354e-01,-2.910087e-01,-8.644236e-01,1.224253e+00,-1.788426e+00,1.025036e+00,9.660252e-01,-3.038827e-01,2.402166e+00,1.799672e+00,-1.192976e-01,-3.559647e-01,-2.777781e-05,1.028846e-02,-2.613422e+01
2.134323e-03,-2.546211e+00,-6.922843e+00,-2.745694e+00,-7.821835e+00,-8.960621e+00,-1.609734e+01,-1.007030e+01,-6.053428e+00,1.766433e+00,-5.146515e+00,-1.323441e+01,-1.569818e+01,1.611111e-02,5.438938e-01,0,-2.415965e-04,-1.074676e-01,-4.427443e-01,-1.314481e+00,8.167532e-01,-1.199973e+00,-1.241110e-01,1.132872e+00,6.158619e-01,2.676856e+00,1.872509e+00,7.533612e-01,5.836015e-01,4.305558e-04,2.330850e-02,3.123947e-01
2.099885e-03,-2.576465e+00,-7.769018e+00,-4.999133e+00,-7.888690e+00,-9.696701e+00,-1.817825e+01,-8.909381e+00,-3.563296e+00,4.996404e+00,-2.721549e+00,-1.070582e+01,-1.509457e+01,1.625000e-02,5.807692e-01,6.625259e+01,-2.166856e-04,-4.922076e-01,-2.199963e-01,-1.136056e+00,1.549585e-01,-6.651678e-02,-1.089000e+00,5.130495e-01,1.222483e+00,2.301728e+00,1.265688e+00,1.963735e+00,1.653241e+00,1.111111e-03,1.479131e-02,2.663674e+01
1.804380e-03,-3.755723e+00,-8.137115e+00,-6.485549e+00,-8.264452e+00,-8.197110e+00,-1.921412e+01,-9.015931e+00,-1.733780e+00,6.995579e+00,-2.371778e+00,-8.455144e+00,-1.132293e+01,1.888889e-02,5.836295e-01,1.325052e+02,-2.340678e-04,-6.334682e-01,3.525503e-01,-2.571584e-01,-1.529596e-01,4.941214e-01,-1.122099e+00,2.380138e-01,8.229276e-01,1.063622e+00,5.078946e-01,2.730751e+00,2.025746e+00,1.041667e-03,-6.397712e-03,1.987577e+01
1.483682e-03,-4.836751e+00,-7.088303e+00,-5.370310e+00,-8.662848e+00,-7.039468e+00,-2.016327e+01,-9.802695e+00,-7.912621e-01,7.798374e+00,-2.872666e+00,-5.069445e+00,-9.602214e+00,2.055556e-02,5.372581e-01,1.325052e+02,-2.127929e-04,-1.303724e-01,1.070035e+00,9.268896e-01,-5.289839e-01,3.704177e-01,-5.629856e-01,-2.299631e-01,-3.619716e-01,-7.366850e-01,-1.323462e-01,2.610808e+00,1.543150e+00,-5.555544e-05,-1.237491e-02,-6.814550e+00
1.272086e-03,-4.583409e+00,-5.500450e+00,-3.845898e+00,-8.199553e+00,-7.818630e+00,-2.071533e+01,-8.433570e+00,-3.324807e+00,5.683560e+00,-2.531483e+00,-2.398848e+00,-8.315629e+00,1.916667e-02,5.336608e-01,6.625259e+01,-8.886315e-05,5.409585e-01,1.147975e+00,1.735594e+00,-9.797515e-01,2.662067e-01,3.825565e-01,-4.855305e-01,-8.813140e-01,-2.355497e+00,-2.195823e-01,1.941355e+00,4.724937e-01,-1.500000e-03,-5.368197e-03,-7.203397e+00
1.302068e-03,-2.814484e+00,-3.737174e+00,-1.684510e+00,-1.056606e+01,-8.033853e+00,-2.024257e+01,-1.035038e+01,-4.577640e+00,1.968989e+00,-3.303427e+00,-6.799275e-01,-8.882472e+00,1.583333e-02,5.438791e-01,6.530613e+01,4.128992e-05,8.638479e-01,5.072299e-01,1.959987e+00,-1.673083e+00,6.258377e-01,1.417111e+00,-1.412257e+00,-2.602860e-01,-3.150550e+00,-3.489810e-01,7.318711e-01,-5.787277e-02,-1.875000e-03,-1.206344e-03,5.900019e+00
1.450871e-03,-2.062064e+00,-4.072804e+00,3.495213e-01,-1.221160e+01,-6.368885e+00,-1.726169e+01,-1.116974e+01,-4.247161e+00,-1.867211e+00,-3.254309e+00,-9.431267e-01,-9.320329e+00,1.375000e-02,5.534781e-01,1.300877e+02,1.268044e-04,8.032447e-01,-5.088010e-01,1.721964e+00,-1.782210e+00,6.392935e-01,1.983431e+00,-2.497755e+00,3.721569e-01,-2.463653e+00,-2.724026e-01,-2.635174e-01,-3.969200e-01,-1.055556e-03,-4.539269e-03,6.183956e+00
1.600739e-03,-1.778184e+00,-5.265976e+00,2.331915e+00,-1.502224e+01,-4.635153e+00,-1.480454e+01,-1.549589e+01,-1.631515e+00,-4.178994e+00,-4.256158e+00,-2.137950e+00,-9.389228e+00,1.388889e-02,5.213177e-01,1.300877e+02,1.262420e-04,7.269665e-01,-1.279707e+00,1.099343e+00,-8.249946e-01,-3.848271e-01,1.734359e+00,-2.514609e+00,4.085538e-01,-8.939610e-01,-3.697029e-01,-1.116708e+00,-3.277092e-01,8.333354e-05,-7.803702e-03,-1.959184e+01
1.756772e-03,-1.085336e+00,-7.280054e+00,2.755707e+00,-1.488251e+01,-6.321513e+00,-1.351719e+01,-1.834958e+01,-2.937085e+00,-3.560714e+00,-3.417130e+00,-2.987424e+00,-1.004685e+01,1.486111e-02,5.222451e-01,6.478158e+01,6.141046e-05,8.930561e-01,-1.376814e+00,6.102096e-01,5.767958e-01,-1.512522e+00,8.782053e-01,-1.946518e+00,-1.376521e-01,3.924390e-01,-1.090764e+00,-1.621204e+00,-3.686257e-01,5.694448e-04,-2.283192e-03,-3.902631e+01
1.780328e-03,3.319840e-01,-8.532086e+00,2.609114e+00,-1.335558e+01,-9.981674e+00,-1.344303e+01,-1.933350e+01,-3.189909e+00,-1.654064e+00,-5.070530e+00,-5.241316e+00,-1.015776e+01,1.569444e-02,5.204771e-01,0,-3.088512e-05,8.485514e-01,-1.060566e+00,6.102251e-01,2.165969e+00,-1.682904e+00,1.503288e-01,-1.131132e-01,-4.991376e-01,3.070679e-01,-1.821144e+00,-1.893079e+00,-5.527328e-01,8.333344e-05,2.940297e-03,-3.249570e+01
1.668129e-03,1.348132e+00,-9.323818e+00,3.261970e+00,-1.016096e+01,-1.125823e+01,-1.355142e+01,-1.898353e+01,-4.156224e+00,-1.167481e+00,-8.300941e+00,-7.497463e+00,-1.077919e+01,1.569444e-02,5.424824e-01,0,-1.214208e-04,3.310731e-01,-4.320988e-01,1.031534e+00,2.655611e+00,-1.856996e-01,2.129988e-01,1.273641e+00,-7.378471e-02,-6.905186e-01,-2.577311e+00,-1.766217e+00,-6.168244e-01,-9.861111e-04,2.487987e-03,-1.295632e+01
1.490635e-03,1.247839e+00,-9.546925e+00,5.129910e+00,-6.553172e+00,-1.058132e+01,-1.403578e+01,-1.574449e+01,-3.517633e+00,-3.840271e+00,-1.091997e+01,-9.348325e+00,-1.178672e+01,1.388889e-02,5.259005e-01,0,-1.709182e-04,-2.485603e-01,2.666039e-01,1.295943e+00,2.332274e+00,1.021388e+00,5.644208e-01,2.148558e+00,4.161424e-01,-9.012238e-01,-1.902295e+00,-1.172038e+00,-5.840336e-01,-1.819444e-03,3.070343e-03,0
1.294515e-03,1.121024e-01,-8.933128e+00,6.652981e+00,-5.005661e+00,-6.950190e+00,-1.215582e+01,-1.377589e+01,-3.142146e+00,-5.920204e+00,-1.337896e+01,-9.765002e+00,-1.231649e+01,1.083333e-02,5.319733e-01,0,-1.653063e-04,-3.941345e-01,7.970477e-01,6.956950e-01,9.507459e-01,1.095984e+00,7.988448e-01,1.732117e+00,1.134506e+00,6.316527e-01,-2.988048e-01,-1.266778e-01,-2.512136e-01,-1.708333e-03,7.293874e-03,1.350211e+01
1.112544e-03,-2.928027e-01,-7.394412e+00,7.393323e+00,-4.271854e+00,-7.028753e+00,-1.131872e+01,-1.119453e+01,-1.616236e+00,-3.783822e+00,-1.204300e+01,-9.967736e+00,-1.230928e+01,9.027778e-03,5.410833e-01,0,-1.185844e-04,-6.518483e-04,9.679222e-01,-4.982761e-01,-6.214131e-01,-2.478118e-02,5.677215e-01,3.565280e-01,1.266984e+00,3.182060e+00,1.614537e+00,8.650583e-01,-3.306732e-02,-6.249999e-04,2.342373e-02,3.365703e+01
1.030643e-03,1.477807e-01,-6.414836e+00,5.608738e+00,-6.547884e+00,-7.554596e+00,-1.091572e+01,-1.259792e+01,5.656064e-01,1.962558e+00,-9.233453e+00,-7.821146e+00,-1.177398e+01,9.583334e-03,5.713604e-01,6.751055e+01,-7.583595e-05,4.292452e-01,4.714691e-01,-1.508067e+00,-1.193019e+00,-1.204637e+00,-1.555719e-02,-6.301420e-01,6.184804e-01,4.127587e+00,3.089292e+00,1.651245e+00,-1.527542e-01,6.527778e-04,2.400792e-02,5.368950e+01
1.029649e-03,1.226740e+00,-5.966459e+00,3.160650e+00,-8.889125e+00,-1.040302e+01,-1.181722e+01,-1.455083e+01,9.634092e-01,8.128649e+00,-4.920039e+00,-5.994961e+00,-1.222331e+01,1.138889e-02,6.233256e-01,1.345299e+02,-6.773103e-05,2.525102e-01,9.976492e-02,-1.667186e+00,-5.055397e-01,-9.164335e-01,-7.536726e-02,-1.230798e+00,-2.961658e-01,3.245171e+00,2.697381e+00,1.649264e+00,7.156658e-02,2.472222e-03,-3.265083e-03,4.010160e+01
9.567828e-04,1.498557e+00,-7.289759e+00,1.228984e+00,-8.662119e+00,-1.128624e+01,-1.198436e+01,-1.524845e+01,-1.339567e+00,8.761497e+00,-1.493985e+00,-3.495162e+00,-1.312324e+01,1.291667e-02,6.108918e-01,2.011826e+02,-5.172421e-05,-7.217975e-01,-1.705225e-01,-5.179427e-01,8.760493e-01,-7.635631e-02,-7.343207e-02,-8.499810e-01,-4.812811e-01,5.411078e-01,1.492202e+00,1.653062e+00,5.375252e-01,4.861111e-03,-6.022067e-02,-2.573547e-01
8.108194e-04,2.943607e-01,-6.458126e+00,1.247271e+00,-5.742435e+00,-9.745097e+00,-1.116124e+01,-1.602326e+01,-2.144479e+00,9.042563e+00,-2.425826e+00,-3.884407e+00,-1.127681e+01,1.972222e-02,5.049922e-01,1.336720e+02,1.091706e-05,-1.999248e+00,-7.091589e-02,1.170564e+00,1.594025e+00,1.087605e+00,2.193848e-01,-6.282894e-01,6.636615e-01,-1.486715e+00,-3.016304e-01,1.809835e+00,1.365102e+00,7.513888e-03,-1.095097e-01,-4.035896e+01
8.814369e-04,-2.995017e+00,-7.021616e+00,3.975714e+00,-3.740983e+00,-8.265338e+00,-1.161087e+01,-1.611161e+01,-2.868552e-01,4.211140e+00,-3.019549e+00,-6.111135e-01,-9.559608e+00,2.972222e-02,3.294238e-01,6.665270e+01,9.905393e-05,-2.762026e+00,-4.028668e-02,2.559811e+00,1.284857e+00,1.170879e+00,4.967837e-01,1.372490e-01,1.956639e+00,-2.351330e+00,-1.389239e+00,2.021109e+00,1.784925e+00,8.388890e-03,-1.128142e-01,-5.360372e+01
1.121907e-03,-6.522715e+00,-6.455111e+00,7.640106e+00,-3.379570e+00,-6.475445e+00,-1.090704e+01,-1.726069e+01,3.755361e+00,2.970251e+00,-5.665409e+00,1.612191e+00,-7.179621e+00,4.055556e-02,2.165111e-01,0,1.098110e-04,-2.530075e+00,-2.133923e-01,2.968115e+00,6.160611e-01,6.460040e-01,8.953927e-01,1.294026e+00,2.070056e+00,-2.039613e+00,-1.331125e+00,1.824432e+00,1.492623e+00,6.444445e-03,-7.244634e-02,-3.339967e+01
1.296509e-03,-8.903038e+00,-7.492700e+00,1.083162e+01,-3.419268e+00,-7.066673e+00,-9.627540e+00,-1.394349e+01,5.493708e+00,4.100251e-02,-6.820386e+00,3.862083e+00,-6.247215e+00,4.444445e-02,1.910613e-01,0,8.632953e-06,-1.623833e+00,-1.326337e-01,2.143895e+00,-2.661474e-02,-2.115291e-01,1.081421e+00,2.203775e+00,8.854812e-01,-6.854356e-01,-5.906373e-01,6.229442e-01,1.064716e+00,2.819444e-03,-2.392862e-02,-1.333054e+01
1.152338e-03,-9.402003e+00,-7.289545e+00,1.265989e+01,-2.822987e+00,-7.114410e+00,-7.675943e+00,-1.063719e+01,5.315521e+00,9.295679e-01,-7.181032e+00,3.001153e+00,-5.469894e+00,4.458334e-02,2.119418e-01,0,-1.007058e-04,-3.853324e-01,7.006893e-02,1.217678e+00,-2.343313e-01,-1.281456e+00,4.097203e-01,1.971278e+00,-8.486563e-01,-5.104604e-01,2.188947e-01,-2.032435e-01,3.582281e-01,-1.319445e-03,1.019442e-02,0
9.093860e-04,-9.674539e+00,-7.267567e+00,1.218530e+01,-4.152348e+00,-9.003501e+00,-7.819315e+00,-8.404487e+00,3.360471e+00,1.804304e+00,-5.214923e+00,1.809126e+00,-5.090890e+00,4.180555e-02,2.120654e-01,0,-7.008333e-05,7.327521e-01,4.299364e-01,9.278116e-01,-1.371577e-01,-2.013052e+00,-9.707430e-01,3.294669e-01,-1.922472e+00,-7.086750e-01,4.524879e-01,-2.781219e-01,-4.068666e-01,-4.402779e-03,3.459646e-02,0
8.119394e-04,-8.063626e+00,-6.217332e+00,1.305166e+01,-4.184687e+00,-1.191431e+01,-9.762551e+00,-1.017380e+01,5.786981e-01,-4.637011e-01,-5.373667e+00,1.622451e+00,-5.966643e+00,3.527778e-02,2.569812e-01,0,1.194887e-04,1.513949e+00,4.641411e-01,1.406108e+00,2.087759e-01,-2.626913e+00,-2.654719e+00,-8.216159e-01,-1.764751e+00,-2.334146e+00,-3.663178e-01,2.583899e-01,-1.171348e+00,-6.305556e-03,5.644589e-02,0
1.116292e-03,-5.908466e+00,-5.879124e+00,1.527480e+01,-3.424207e+00,-1.473198e+01,-1.343795e+01,-1.252785e+01,-1.750241e+00,-2.805738e+00,-5.461629e+00,3.160824e+00,-8.033174e+00,2.708333e-02,3.415239e-01,0,3.655521e-04,1.657730e+00,1.546310e-01,1.927794e+00,5.263712e-01,-2.615529e+00,-3.832984e+00,-8.910023e-01,-6.180192e-01,-3.412024e+00,-1.399434e+00,5.300792e-01,-1.536920e+00,-6.208333e-03,5.532032e-02,0
1.646329e-03,-3.715293e+00,-5.663061e+00,1.814568e+01,-2.143178e+00,-1.738474e+01,-1.814022e+01,-1.268359e+01,-9.528802e-01,-8.436142e+00,-8.889268e+00,3.617254e+00,-9.855493e+00,2.041667e-02,4.294419e-01,0,5.021648e-04,1.219580e+00,-3.503166e-01,1.709963e+00,1.787542e-01,-2.182132e+00,-4.274236e+00,-1.726480e-01,9.507815e-01,-3.364654e+00,-1.896680e+00,-1.560292e-01,-9.694971e-01,-4.305555e-03,3.255656e-02,0
2.319952e-03,-3.560054e+00,-6.771548e+00,1.927725e+01,-2.541246e+00,-1.934593e+01,-2.279540e+01,-1.160460e+01,1.036164e+00,-1.126960e+01,-1.045430e+01,3.462121e+00,-1.083107e+01,1.819444e-02,4.024366e-01,0,4.555215e-04,6.186722e-01,-6.543549e-01,7.856417e-01,-1.344932e-01,-8.991054e-01,-3.589368e+00,3.840655e-01,1.638838e+00,-2.276896e+00,-1.656672e+00,-9.197143e-01,1.967775e-01,-1.750000e-03,-7.731196e-03,0
2.720933e-03,-3.139933e+00,-7.522704e+00,1.960024e+01,-3.732396e+00,-2.051800e+01,-2.645500e+01,-1.149866e+01,3.939403e+00,-1.305504e+01,-1.236073e+01,6.916565e-01,-9.415182e+00,1.819444e-02,3.893076e-01,0,2.508262e-04,8.574323e-02,-8.586487e-01,-5.568075e-01,-1.534024e-01,9.896954e-01,-2.422488e+00,5.782997e-01,8.613159e-01,3.042040e-01,4.286728e-02,-1.119122e+00,1.372104e+00,4.027773e-04,-2.379892e-02,0
2.856597e-03,-3.102785e+00,-8.221077e+00,1.847572e+01,-3.302064e+00,-1.766088e+01,-2.722740e+01,-1.119998e+01,3.997806e+00,-1.188077e+01,-1.200926e+01,2.505100e-02,-7.269441e+00,1.944444e-02,3.229351e-01,0,-1.095180e-05,-1.980165e-01,-6.498247e-01,-1.789362e+00,2.286097e-01,2.432490e+00,-9.165604e-01,1.435198e+00,-9.540664e-01,2.282337e+00,1.467738e+00,-7.548659e-01,1.721953e+00,1.388889e-03,-2.073511e-02,0
2.632137e-03,-3.515211e+00,-9.231540e+00,1.576241e+01,-2.529781e+00,-1.327879e+01,-2.803666e+01,-9.994404e+00,1.872879e+00,-6.609535e+00,-7.897450e+00,-2.598216e-01,-4.775786e+00,2.180555e-02,3.501981e-01,0,-1.955304e-04,-3.922657e-01,-1.879119e-01,-2.464668e+00,2.793180e-01,2.584304e+00,-2.929382e-02,2.311354e+00,-2.333983e+00,3.500397e+00,2.352237e+00,-6.835335e-01,1.171482e+00,1.250000e-03,-1.360738e-02,0
2.309591e-03,-4.362497e+00,-9.166253e+00,1.224936e+01,-1.999506e+00,-1.080309e+01,-2.658737e+01,-5.180744e+00,-2.700906e+00,-3.080663e+00,-5.347248e+00,1.635308e-01,-4.541000e+00,2.333333e-02,3.183158e-01,0,-2.692326e-04,-3.230607e-01,4.652285e-01,-2.144972e+00,-1.273467e-01,1.616581e+00,4.757156e-01,3.037560e+00,-2.645988e+00,2.804935e+00,1.949713e+00,-1.235534e+00,5.606399e-02,1.805561e-04,-6.178787e-03,0
2.016784e-03,-4.471405e+00,-7.989675e+00,1.039009e+01,-2.987085e+00,-1.102537e+01,-2.692148e+01,-2.951516e+00,-4.381157e+00,4.688968e-02,-3.930552e+00,-2.795251e+00,-4.921993e+00,2.250000e-02,3.235803e-01,0,-2.538871e-04,-1.750712e-01,8.346049e-01,-1.389481e+00,-3.223512e-01,9.760685e-01,1.003170e+00,2.789844e+00,-1.500392e+00,1.398421e+00,1.060291e+00,-1.616301e+00,-6.798711e-01,-1.027778e-03,-1.056271e-02,0
1.818110e-03,-4.239991e+00,-6.515867e+00,1.043702e+01,-3.710145e+00,-1.070468e+01,-2.540641e+01,4.663731e-01,-6.105114e+00,-1.184308e+00,-4.244143e+00,-4.884904e+00,-6.916018e+00,2.000000e-02,3.053500e-01,0,-2.104384e-04,8.502240e-02,7.411643e-01,-8.558207e-01,-2.067665e-01,1.137910e+00,1.462083e+00,1.651681e+00,-4.191087e-01,1.513931e-01,6.467450e-01,-1.063362e+00,-1.026847e+00,-1.722222e-03,-8.037537e-04,0
1.608442e-03,-4.451820e+00,-6.383709e+00,9.721171e+00,-3.286217e+00,-8.447647e+00,-2.361130e+01,1.131259e+00,-3.926976e+00,-5.656063e-01,-3.147547e+00,-5.817111e+00,-6.987633e+00,1.833333e-02,3.038675e-01,0,-1.558506e-04,3.428256e-01,3.510087e-01,-9.152792e-01,6.958532e-03,1.326751e+00,2.284677e+00,4.712896e-01,2.459343e-01,-8.465911e-01,6.675444e-01,2.660887e-01,-1.301452e+00,-1.819444e-03,2.448168e-03,0
1.461570e-03,-3.947178e+00,-6.263414e+00,8.304714e+00,-2.883772e+00,-6.402400e+00,-2.093205e+01,1.036273e+00,-5.023540e+00,-2.017450e+00,-2.505025e+00,-3.642351e+00,-8.642417e+00,1.680556e-02,3.241535e-01,0,-1.012958e-04,5.815874e-01,6.329226e-02,-1.173669e+00,1.058456e-01,1.050045e+00,2.549466e+00,-7.899467e-01,-5.650578e-02,-9.065329e-01,5.147690e-01,9.652376e-01,-1.472381e+00,-1.777778e-03,3.502846e-03,0
1.415802e-03,-2.903684e+00,-6.360857e+00,6.879849e+00,-3.365479e+00,-6.542759e+00,-1.773528e+01,-8.800182e-01,-3.692273e+00,-3.769495e+00,-1.462389e+00,-2.086084e+00,-1.056605e+01,1.500000e-02,3.264194e-01,0,-5.440857e-05,6.433285e-01,-1.174953e-01,-9.461232e-01,-3.883600e-04,5.390204e-01,2.927586e+00,-1.402948e+00,-7.132779e-01,-6.842747e-01,-1.009873e-01,9.024181e-01,-1.400670e+00,-1.875000e-03,1.817328e-03,0
1.407952e-03,-2.106122e+00,-6.210831e+00,5.989342e+00,-3.141286e+00,-6.406900e+00,-1.559709e+01,-2.477722e+00,-6.504995e+00,-4.115029e+00,-2.512877e+00,-1.924230e+00,-1.248871e+01,1.277778e-02,3.115883e-01,0,-4.341194e-05,2.175330e-01,-2.066600e-01,-3.879175e-01,-3.758335e-02,6.416842e-01,3.000088e+00,-1.365151e+00,-2.297373e-01,1.276714e-01,-1.013304e+00,5.129036e-01,-7.206844e-01,-1.513889e-03,2.115494e-03,0
1.363208e-03,-2.155705e+00,-6.997477e+00,6.148242e+00,-3.159402e+00,-5.750295e+00,-1.164085e+01,-4.126485e+00,-6.752638e+00,-2.938190e+00,-3.648557e+00,-2.164081e+00,-1.206783e+01,1.097222e-02,3.192367e-01,0,-4.724793e-05,-2.674907e-01,-4.742517e-02,1.605395e-01,-5.170323e-01,1.188555e+00,2.796891e+00,-1.060433e+00,4.299796e-01,5.102625e-01,-1.467927e+00,2.769412e-01,7.190762e-02,-5.138888e-04,1.280493e-02,0
1.270807e-03,-3.233502e+00,-6.978405e+00,6.730930e+00,-3.174728e+00,-3.590211e+00,-8.978826e+00,-4.166247e+00,-4.642044e+00,-1.794745e+00,-6.478463e+00,-1.038835e+00,-1.149495e+01,1.125000e-02,3.383223e-01,0,-4.317846e-05,-4.041002e-01,3.060513e-01,3.293782e-01,-1.321508e+00,1.346499e+00,2.192926e+00,-6.660764e-01,1.224446e+00,4.996812e-01,-9.440721e-01,5.038408e-01,6.012323e-01,8.055557e-04,2.062967e-02,0
1.248134e-03,-3.677447e+00,-6.214197e+00,7.311752e+00,-5.933920e+00,-2.008330e+00,-7.059951e+00,-5.337922e+00,-2.473850e+00,-2.378324e+00,-6.819232e+00,-1.144076e+00,-1.070340e+01,1.319444e-02,3.770771e-01,0,-1.963096e-05,-9.340811e-03,7.766126e-01,-8.742919e-02,-2.121254e+00,7.615415e-01,1.083499e+00,-2.119614e-01,4.580452e-02,1.304918e-01,1.396739e-01,6.139903e-01,9.008315e-01,1.416667e-03,2.630222e-02,0
1.249596e-03,-3.365752e+00,-5.072215e+00,7.054477e+00,-8.361568e+00,-1.545389e+00,-6.922907e+00,-5.202386e+00,-2.522161e+00,-1.896556e+00,-5.647900e+00,8.497163e-02,-1.016477e+01,1.569444e-02,3.858165e-01,0,-2.305768e-06,5.372764e-01,1.010579e+00,-7.414554e-01,-2.100351e+00,-7.753133e-01,-2.567396e-02,6.252594e-02,-1.936373e+00,1.273820e-01,7.826447e-01,6.318635e-01,1.551506e+00,9.583334e-04,2.621561e-02,0
1.275659e-03,-2.136284e+00,-4.067509e+00,5.549322e+00,-1.117225e+01,-2.964999e+00,-7.251315e+00,-4.668223e+00,-7.583557e+00,-2.234826e+00,-3.365469e+00,3.439680e-01,-8.228765e+00,1.583333e-02,4.270008e-01,0,-1.705830e-05,6.455027e-01,9.691621e-01,-1.197498e+00,-1.168065e+00,-1.822888e+00,-8.548260e-01,4.210429e-01,-3.508408e+00,2.085102e-01,5.718159e-01,6.473113e-01,2.343673e+00,-2.083332e-04,2.797138e-02,0
1.245516e-03,-1.317702e+00,-2.998856e+00,3.904868e+00,-1.105731e+01,-6.988443e+00,-9.011514e+00,-4.188467e+00,-1.176906e+01,-1.229584e+00,-4.292120e+00,1.376461e+00,-4.974734e+00,1.472222e-02,4.444385e-01,0,-4.396853e-05,3.979203e-01,8.214997e-01,-1.155745e+00,-3.834654e-01,-2.123767e+00,-1.124607e+00,5.948942e-02,-3.518507e+00,3.460565e-01,1.739196e-01,4.302955e-01,2.377163e+00,-1.208334e-03,2.308122e-02,0
1.164883e-03,-1.473959e+00,-2.405066e+00,2.899067e+00,-1.042637e+01,-8.401242e+00,-1.028978e+01,-3.739667e+00,-1.539244e+01,-1.669259e+00,-4.638042e+00,1.446737e+00,-1.580048e+00,1.263889e-02,4.876230e-01,0,-6.444335e-05,1.628704e-01,6.684100e-01,-7.512144e-01,1.073914e-02,-1.497338e+00,-8.442454e-01,-3.323748e-01,-2.351602e+00,4.358345e-01,5.599780e-02,5.437845e-01,1.529925e+00,-1.736111e-03,7.213128e-03,0
1.085141e-03,-1.707313e+00,-1.795938e+00,2.600882e+00,-1.065184e+01,-9.446102e+00,-1.102671e+01,-5.369217e+00,-1.621025e+01,-4.490570e-01,-4.142015e+00,1.685065e+00,-1.603311e+00,1.125000e-02,4.709115e-01,0,-5.534437e-05,2.135760e-01,6.989980e-01,-4.629325e-01,-2.016505e-01,-4.619420e-01,-4.815164e-01,-6.281978e-01,-1.108874e+00,1.817319e-01,3.136853e-01,8.196284e-01,2.025561e-01,-1.763889e-03,-9.378123e-03,0
1.033629e-03,-1.127127e+00,-1.326918e+00,2.445244e+00,-1.132130e+01,-9.222859e+00,-1.046494e+01,-5.739722e+00,-1.712097e+01,-4.459172e-01,-3.160533e+00,2.908588e+00,-2.264853e+00,8.888889e-03,4.498299e-01,0,-2.863415e-05,4.969158e-01,1.032798e+00,-4.118138e-01,-3.815432e-01,1.406579e-01,-4.702392e-01,-3.531038e-01,-8.686294e-02,2.073900e-01,-8.603394e-02,1.214505e+00,-3.191614e-01,-1.180556e-03,-1.887232e-02,0
1.034421e-03,-4.232379e-01,-4.293935e-02,1.817117e+00,-1.161810e+01,-8.887344e+00,-1.133151e+01,-6.329428e+00,-1.644916e+01,-9.325955e-01,-3.462449e+00,4.743677e+00,-3.619552e+00,7.777778e-03,4.164445e-01,0,-5.354988e-06,5.755234e-01,1.322464e+00,-4.102334e-01,-7.071384e-01,9.109179e-01,-5.479527e-01,2.792893e-01,3.679660e-01,4.421384e-01,-6.945027e-01,1.054621e+00,-1.347032e-02,-1.805556e-04,-2.344327e-02,0
1.047072e-03,3.685828e-01,1.882427e+00,1.231880e+00,-1.185095e+01,-7.977332e+00,-1.248857e+01,-5.025080e+00,-1.570730e+01,-3.905395e-01,-5.407995e+00,5.989956e+00,-2.167735e+00,8.472222e-03,4.204949e-01,0,1.486053e-05,4.538246e-01,1.295222e+00,-3.099616e-01,-1.206784e+00,1.348076e+00,-2.094201e-01,8.826849e-01,7.068108e-01,1.044007e+00,-8.987927e-01,2.252746e-01,3.927714e-01,1.111111e-03,-1.951987e-02,0
1.051645e-03,4.224490e-01,3.211711e+00,1.156397e+00,-1.392270e+01,-5.514277e+00,-1.275466e+01,-4.330091e+00,-1.507726e+01,1.733946e+00,-6.490798e+00,5.417488e+00,-1.719221e+00,1.055556e-02,3.683627e-01,0,2.595721e-05,1.888325e-01,8.123797e-01,5.002685e-02,-1.825702e+00,1.851657e+00,8.363661e-01,1.162911e+00,9.340636e-01,9.040574e-01,-6.877540e-01,-9.117769e-01,6.434750e-01,1.458333e-03,-1.790801e-02,0
1.099320e-03,7.191527e-01,3.521867e+00,1.225796e+00,-1.620292e+01,-4.169011e+00,-1.080047e+01,-2.325966e+00,-1.427287e+01,3.440848e+00,-6.140322e+00,3.698056e+00,-1.251161e+00,1.305556e-02,3.762715e-01,0,3.142341e-05,-7.150056e-02,2.222022e-01,3.002612e-01,-1.729718e+00,1.900117e+00,1.520296e+00,9.301417e-01,1.443698e+00,-3.636425e-01,-3.965524e-01,-1.443981e+00,2.339151e-01,1.000000e-03,-4.998085e-03,0
1.138083e-03,3.456397e-01,3.199239e+00,2.070294e+00,-1.857063e+01,-1.533222e+00,-7.993732e+00,-1.864431e+00,-1.249606e+01,1.671998e+00,-6.535056e+00,1.330742e+00,-8.604639e-01,1.277778e-02,3.490161e-01,0,3.377611e-05,-2.234475e-01,-1.039962e-01,3.964377e-01,-9.951221e-01,1.353416e+00,1.685234e+00,4.763551e-01,2.117368e+00,-1.667885e+00,-3.293747e-01,-9.115204e-01,-2.626925e-01,1.388928e-05,5.194950e-03,0
1.160970e-03,4.948467e-02,2.999674e+00,2.276237e+00,-1.817558e+01,-4.672749e-01,-7.267558e+00,-1.607201e+00,-9.779412e+00,-2.177778e+00,-7.368628e+00,8.134252e-01,-1.427539e+00,1.236111e-02,4.051777e-01,0,2.613872e-05,-2.934045e-01,-2.561081e-01,4.085387e-01,3.193684e-02,2.966961e-01,1.187000e+00,-3.886108e-01,2.278548e+00,-1.879413e+00,-3.646776e-01,3.669666e-01,-5.502764e-01,-7.361110e-04,1.422107e-02,0
1.189700e-03,-3.599543e-01,2.952827e+00,2.613364e+00,-1.791198e+01,-5.980655e-01,-6.094944e+00,-2.307698e+00,-6.737144e+00,-3.796166e+00,-7.523518e+00,2.302202e+00,-2.944495e+00,1.097222e-02,3.798843e-01,0,3.494033e-05,-9.404874e-02,-3.174819e-01,2.715620e-01,4.100367e-01,-1.147429e+00,7.447777e-01,-6.963254e-01,1.833700e+00,-9.413708e-01,3.979015e-02,1.657334e+00,-3.779861e-01,-9.305558e-04,2.490440e-02,0
1.204205e-03,-3.950730e-01,2.364532e+00,2.996954e+00,-1.637256e+01,-3.153108e+00,-5.814864e+00,-4.047386e+00,-5.759589e+00,-3.222134e+00,-7.469479e+00,5.047159e+00,-2.960527e+00,1.027778e-02,4.319427e-01,0,3.613270e-05,1.196970e-01,-3.137158e-01,1.915160e-01,3.156750e-01,-2.166922e+00,3.119361e-01,-6.790681e-01,1.035302e+00,-1.560573e-01,2.569702e-01,1.778974e+00,2.178816e-01,-1.041667e-03,2.712847e-02,0
1.291167e-03,9.767485e-02,1.929400e+00,3.067745e+00,-1.742196e+01,-5.927453e+00,-4.996191e+00,-4.125966e+00,-5.337476e+00,-2.512678e+00,-6.285679e+00,7.500544e+00,-1.983900e+00,9.166666e-03,4.601556e-01,0,1.907676e-05,2.797531e-01,-2.376880e-01,-3.126984e-02,1.748663e-01,-2.213862e+00,-4.523373e-02,-4.772719e-01,3.195268e-01,1.847914e-01,3.858420e-01,1.008539e+00,5.934299e-01,-9.166668e-04,3.363816e-02,0
1.290900e-03,4.191552e-01,1.942808e+00,3.006627e+00,-1.684222e+01,-8.637191e+00,-6.257254e+00,-4.093408e+00,-5.302735e+00,-3.599808e+00,-6.702696e+00,7.109122e+00,-8.184279e-01,8.055556e-03,5.006844e-01,0,-2.260943e-05,2.653131e-01,1.021804e-01,-2.031386e-01,3.792597e-01,-1.632567e+00,-2.338944e-01,-3.105772e-01,1.555687e-01,-8.038626e-02,7.543259e-01,-1.793714e-01,3.373615e-02,-8.333334e-04,2.531748e-02,0
1.241736e-03,6.316971e-01,1.975249e+00,2.452179e+00,-1.680282e+01,-8.925334e+00,-6.099918e+00,-4.671046e+00,-5.367938e+00,-2.683372e+00,-5.977699e+00,6.313916e+00,-1.048396e+00,7.500000e-03,5.137042e-01,0,-6.895757e-05,1.893779e-01,4.676518e-01,-1.817109e-01,9.148244e-01,-6.237413e-01,-3.525919e-01,-6.308599e-01,-3.560411e-01,-8.502402e-02,1.010510e+00,-9.989682e-01,-9.835379e-01,-6.111112e-04,2.525217e-02,1.094017e+01
1.115873e-03,6.644816e-01,2.852510e+00,2.289044e+00,-1.478583e+01,-9.817002e+00,-6.432472e+00,-5.327732e+00,-4.966515e+00,-3.538718e+00,-3.851840e+00,4.743617e+00,-3.259599e+00,6.944444e-03,5.317558e-01,0,-7.711742e-05,1.903470e-01,8.904810e-01,4.370994e-02,1.267949e+00,2.709627e-02,-3.920965e-01,-7.007068e-01,-8.478173e-01,-1.229333e-01,1.308441e+00,-1.260585e+00,-1.677643e+00,-3.611112e-04,2.321688e-02,2.723151e+01
1.033893e-03,9.219012e-01,3.812808e+00,2.517982e+00,-1.387603e+01,-8.456253e+00,-6.671542e+00,-6.663103e+00,-7.285792e+00,-2.968343e+00,-2.658557e+00,3.688456e+00,-5.681004e+00,6.666666e-03,5.708808e-01,5.470086e+01,-5.595410e-05,1.578366e-01,1.052682e+00,4.863853e-01,1.620751e+00,4.253769e-01,-5.104410e-01,-7.452036e-01,-1.398677e+00,-7.075279e-01,6.087812e-01,-1.240709e+00,-1.587903e+00,-1.944446e-04,2.342539e-02,4.338052e+01
1.009235e-03,1.225788e+00,5.476433e+00,3.192275e+00,-1.196587e+01,-8.736250e+00,-7.931925e+00,-6.600914e+00,-8.582894e+00,-4.071989e+00,-1.820062e+00,2.118927e+00,-6.890341e+00,6.666666e-03,5.881806e-01,1.088071e+02,-2.290205e-05,2.658765e-02,9.246643e-01,8.405569e-01,1.711069e+00,5.728807e-01,-1.924725e-01,-5.984496e-01,-1.484446e+00,-1.107574e+00,-1.976499e-01,-1.104124e+00,-1.089729e+00,5.555572e-05,1.936349e-02,4.326299e+01
1.015285e-03,1.140227e+00,5.926698e+00,4.432490e+00,-1.010905e+01,-7.338826e+00,-7.902397e+00,-7.760473e+00,-1.055313e+01,-5.954376e+00,-3.949682e+00,1.422716e+00,-7.172537e+00,6.666666e-03,6.026188e-01,1.624990e+02,-5.187874e-06,-1.239483e-01,7.261891e-01,8.867450e-01,1.656652e+00,3.268914e-01,2.832899e-02,-3.815596e-01,-1.073334e+00,-1.450465e+00,-1.540634e-01,-6.718401e-01,-8.745556e-01,4.444447e-04,8.236337e-03,2.726269e+01
1.010667e-03,6.882570e-01,6.418887e+00,5.534575e+00,-8.113972e+00,-7.511312e+00,-6.779408e+00,-7.771295e+00,-1.075507e+01,-7.583572e+00,-4.194527e+00,3.558642e-01,-7.962477e+00,7.222223e-03,6.127042e-01,1.624158e+02,-7.445691e-06,-2.454629e-01,5.565945e-01,5.675608e-01,1.074095e+00,3.009698e-01,1.459594e-02,-8.931847e-02,-7.841522e-01,-7.642787e-01,6.566822e-01,-3.708728e-02,-8.251055e-01,8.611114e-04,-5.855995e-03,1.162710e+01
1.007237e-03,5.709254e-01,6.972527e+00,5.780557e+00,-7.518715e+00,-7.434265e+00,-7.106155e+00,-7.985711e+00,-1.156637e+01,-8.464877e+00,-2.241642e+00,1.210787e+00,-9.517714e+00,8.611112e-03,5.998006e-01,1.642099e+02,-3.350753e-05,-2.161860e-01,5.564496e-01,1.120325e-01,3.617756e-01,-1.945613e-01,-5.938475e-01,6.651292e-01,-3.156341e-01,2.217532e-01,1.664269e+00,2.672072e-01,-1.067059e+00,1.055556e-03,-1.965981e-02,-9.838776e+00
9.760302e-04,2.831245e-01,7.736491e+00,5.356045e+00,-7.890560e+00,-7.183681e+00,-8.257066e+00,-6.934887e+00,-1.199704e+01,-6.638132e+00,6.093286e-01,2.039455e+00,-9.843281e+00,1.000000e-02,5.603097e-01,1.660872e+02,-6.536942e-05,-1.631676e-01,3.640981e-01,-2.423506e-02,-2.575635e-01,-3.466859e-01,-1.434242e+00,1.647426e+00,5.402775e-02,9.484919e-01,1.360256e+00,5.459029e-01,-9.522749e-01,6.666663e-04,-3.874649e-02,-2.664339e+01
8.650660e-04,2.618628e-01,8.050144e+00,5.081917e+00,-8.411876e+00,-8.475448e+00,-1.013280e+01,-4.853031e+00,-1.151032e+01,-5.318331e+00,1.969733e+00,1.916956e+00,-1.156743e+01,1.055556e-02,5.305170e-01,1.114695e+02,-9.665005e-05,-4.128425e-02,6.124602e-02,-1.502927e-01,-4.986264e-01,-1.205030e+00,-1.358337e+00,1.991584e+00,9.818726e-01,1.052912e+00,5.308471e-01,3.440785e-01,-7.116830e-01,-1.388919e-05,-5.327679e-02,-4.389379e+01
7.549057e-04,2.695051e-02,7.700569e+00,5.762720e+00,-8.955209e+00,-8.724151e+00,-1.243729e+01,-1.100504e+00,-1.051296e+01,-4.414386e+00,5.010683e-01,2.732294e+00,-1.169899e+01,9.583333e-03,4.536135e-01,5.556912e+01,-9.830644e-05,2.734954e-02,-9.560285e-02,-3.532316e-01,-7.773623e-01,-1.652786e+00,-9.028436e-01,1.395002e+00,1.753788e+00,9.689921e-01,4.617986e-01,4.805986e-01,-5.218138e-01,-4.305556e-04,-5.896002e-02,-4.436438e+01
6.345495e-04,4.925911e-01,7.296718e+00,4.825757e+00,-9.479523e+00,-1.268918e+01,-1.180773e+01,-9.449806e-01,-7.399045e+00,-4.312191e+00,4.667241e-01,2.584760e+00,-1.214827e+01,8.750000e-03,3.867648e-01,0,-8.252282e-05,1.074661e-01,1.403790e-01,-8.119063e-01,-7.723637e-01,-1.810480e+00,3.281393e-02,2.175457e-01,2.384074e+00,1.151521e+00,1.262047e+00,1.489019e-03,-3.458231e-01,-2.777774e-04,-4.231122e-02,-2.785081e+01
5.997563e-04,3.045080e-01,7.635190e+00,3.717968e+00,-1.124355e+01,-1.334074e+01,-1.193382e+01,-1.913901e+00,-5.283731e+00,-2.296242e+00,3.669826e+00,4.108547e+00,-1.216193e+01,8.750000e-03,3.373857e-01,0,-6.645683e-05,4.514852e-02,5.137470e-01,-9.001498e-01,-4.607670e-01,-1.402351e+00,5.586029e-01,-3.855304e-01,2.342380e+00,1.283502e+00,2.168927e+00,-5.378821e-01,-7.140128e-01,8.333344e-05,-5.080449e-03,-1.111382e+01
5.300266e-04,6.604145e-01,8.784729e+00,2.044761e+00,-1.112952e+01,-1.521955e+01,-1.022047e+01,-3.358604e+00,-2.204566e+00,-6.197956e-01,6.695588e+00,1.236275e+00,-1.306508e+01,9.583334e-03,3.770748e-01,0,-3.657962e-05,-3.494817e-01,6.892139e-01,-4.170299e-01,2.139528e-01,-6.279707e-02,2.345257e-01,5.705781e-01,1.090616e+00,1.090970e+00,1.024163e+00,-6.973059e-01,-8.985526e-01,8.333325e-05,1.464400e-02,0
4.748830e-04,1.687815e-01,9.525298e+00,2.652468e+00,-1.043404e+01,-1.447072e+01,-1.043791e+01,-1.821344e+00,-1.398300e+00,1.569263e-01,8.231272e+00,7.171260e-01,-1.481065e+01,9.583333e-03,4.330563e-01,0,-1.893048e-05,-7.648697e-01,4.689876e-01,2.611134e-01,9.641301e-01,8.600494e-01,-5.804005e-02,2.047869e+00,-8.275692e-01,4.813582e-01,-7.674299e-01,-7.671298e-02,-9.701189e-01,-2.222223e-04,1.062948e-02,0
5.140880e-04,-1.186954e+00,9.797733e+00,3.273357e+00,-8.814511e+00,-1.243818e+01,-1.138306e+01,1.861631e+00,-3.888684e+00,-8.392482e-02,3.306814e+00,7.939405e-01,-1.531667e+01,8.750000e-03,4.121495e-01,0,-5.281225e-06,-1.013838e+00,1.163735e-01,8.783972e-01,1.351694e+00,1.251608e+00,-5.744835e-01,2.447806e+00,-2.522338e+00,-4.326367e-02,-1.733313e+00,8.135406e-01,-8.095806e-01,-3.750002e-04,-1.890999e-02,0
5.130732e-04,-2.596156e+00,9.473625e+00,4.409237e+00,-7.580404e+00,-1.043118e+01,-1.164273e+01,5.715328e+00,-8.579518e+00,-1.573858e-01,1.527063e+00,3.946149e+00,-1.588673e+01,8.055556e-03,3.729958e-01,0,-2.629491e-05,-6.762078e-01,-1.301170e-01,8.982809e-01,1.526610e+00,2.007312e-01,-2.183548e-01,1.632038e+00,-2.372859e+00,-1.977485e-01,-1.094484e+00,1.127370e+00,-2.089863e-01,-2.777744e-05,-2.742761e-02,0
4.845254e-04,-3.026305e+00,9.392433e+00,5.558363e+00,-5.797873e+00,-1.098128e+01,-1.249048e+01,5.112090e+00,-1.122565e+01,-6.789579e-01,1.381126e+00,3.689466e+00,-1.657495e+01,8.472222e-03,3.125551e-01,0,-6.117687e-05,-2.035097e-01,-4.166504e-01,4.971603e-01,1.315011e+00,-1.110265e+00,1.857361e-01,-3.377987e-01,-8.990958e-01,1.369427e-02,5.135502e-01,8.250419e-01,4.790412e-01,3.750000e-04,-3.738886e-03,0
3.581898e-04,-2.292582e+00,9.077363e+00,6.001369e+00,-4.309310e+00,-1.419551e+01,-1.097597e+01,4.713615e+00,-9.594111e+00,-5.342994e-01,3.721698e+00,4.906214e+00,-1.522645e+01,9.583334e-03,3.457154e-01,0,-7.036562e-05,-2.812257e-02,-6.020231e-01,-3.269300e-01,6.945391e-01,-1.747574e+00,5.522556e-02,-2.022509e+00,3.104806e-02,1.630061e-01,7.298072e-01,2.778941e-01,1.261211e+00,5.277777e-04,2.234017e-02,0
2.856454e-04,-2.356290e+00,7.912612e+00,4.963092e+00,-3.875003e+00,-1.610734e+01,-1.078776e+01,6.734943e-01,-7.876867e+00,1.730034e-01,4.777247e+00,4.439118e+00,-1.325161e+01,9.861111e-03,4.070953e-01,0,-6.236926e-05,-2.212094e-01,-7.981080e-01,-1.094653e+00,-1.990801e-01,-1.240153e+00,-1.013996e-01,-2.780753e+00,-2.016464e-01,7.923140e-02,3.396087e-01,1.437199e-01,1.531438e+00,4.583332e-04,3.731749e-02,0
2.606851e-04,-3.071777e+00,7.203420e+00,3.072222e+00,-5.069144e+00,-1.660602e+01,-1.221796e+01,-2.177922e+00,-1.009867e+01,2.316643e-01,3.478038e+00,4.960794e+00,-1.124234e+01,1.000000e-02,4.374266e-01,0,-3.956545e-05,-5.319317e-01,-7.775571e-01,-1.236697e+00,-6.144878e-01,-4.997816e-01,-6.961510e-01,-2.601258e+00,-8.338125e-01,-3.157172e-01,-2.903597e-01,-1.617280e-01,9.984208e-01,7.083332e-04,7.310450e-03,0
2.214314e-04,-3.742755e+00,6.338865e+00,1.549674e+00,-6.413356e+00,-1.597679e+01,-1.237648e+01,-5.345909e+00,-1.198160e+01,-6.657827e-01,3.200999e+00,4.380776e+00,-1.090981e+01,1.055556e-02,4.532870e-01,0,-2.899509e-05,-4.272666e-01,-2.178132e-01,-6.877025e-01,-3.431642e-01,3.487545e-01,-2.276309e-01,-7.506360e-01,-8.013427e-01,-7.750484e-01,-4.902378e-01,5.319085e-02,5.694388e-01,1.277778e-03,-2.464141e-02,0
1.924695e-04,-4.259008e+00,5.976451e+00,1.524592e+00,-6.112573e+00,-1.675970e+01,-1.366236e+01,-5.282972e+00,-1.171081e+01,-1.693492e+00,3.058023e+00,4.126745e+00,-1.140524e+01,1.277778e-02,3.591718e-01,0,-2.373541e-05,-9.027417e-02,5.269699e-01,1.489723e-01,4.096306e-01,1.044370e+00,4.972504e-01,7.665604e-01,-1.002877e-01,-1.297368e+00,-3.068966e-01,-8.147726e-02,2.893318e-01,1.513889e-03,-5.307297e-02,0
1.747778e-04,-3.899007e+00,7.437031e+00,2.298395e+00,-5.069109e+00,-1.428674e+01,-1.120371e+01,-1.527161e+00,-1.107751e+01,-2.739660e+00,2.536066e+00,5.122097e+00,-1.032296e+01,1.486111e-02,3.230156e-01,0,-1.554415e-05,1.797605e-01,1.148084e+00,9.462951e-01,1.111027e+00,1.815186e+00,1.440279e+00,1.778074e+00,9.269562e-02,-1.827114e+00,-5.757270e-01,-2.598750e-01,1.742619e-01,1.041667e-03,-4.551243e-02,0
1.653349e-04,-3.445022e+00,9.289186e+00,3.442723e+00,-3.693114e+00,-1.222920e+01,-1.031810e+01,-2.544936e-01,-1.105215e+01,-5.218237e+00,2.276022e+00,4.182747e+00,-1.008911e+01,1.541667e-02,2.371974e-01,0,-1.267789e-05,1.574700e-01,1.187275e+00,1.049716e+00,9.821850e-01,1.956956e+00,1.740143e+00,1.260207e+00,-1.334280e-01,-1.874036e+00,-4.745373e-01,-4.914252e-01,-1.915793e-01,-1.388900e-05,-2.051711e-02,0
1.572780e-04,-3.250945e+00,1.042292e+01,5.322084e+00,-2.067953e+00,-9.166112e+00,-6.847218e+00,1.030223e+00,-1.184745e+01,-8.038980e+00,7.133655e-01,3.053400e+00,-1.069657e+01,1.444444e-02,2.867120e-01,0,-1.276964e-05,-1.316240e-01,6.577802e-01,8.987501e-01,4.789209e-01,1.015372e+00,4.837395e-01,-3.707781e-02,1.828744e-01,-7.634429e-01,1.797787e-01,-3.713158e-01,-3.420086e-01,-8.055556e-04,-6.120135e-03,0
1.378300e-04,-3.795689e+00,1.041988e+01,5.261325e+00,-2.702227e+00,-9.535229e+00,-7.139893e+00,-2.606267e-01,-1.199298e+01,-8.414011e+00,1.596687e+00,2.703967e+00,-1.217633e+01,1.291667e-02,2.747381e-01,0,-1.032984e-05,-4.904231e-01,3.516499e-01,9.452228e-02,-4.536427e-01,-1.751914e-01,-1.003493e+00,-5.370549e-01,5.847101e-01,9.211239e-01,3.132173e-01,8.755462e-01,1.404428e-01,-6.944463e-05,-6.330311e-03,0
1.246820e-04,-4.381793e+00,1.016058e+01,5.882844e+00,-3.169949e+00,-1.055686e+01,-1.037411e+01,-1.709483e+00,-9.692726e+00,-4.958988e+00,3.774626e+00,4.004908e+00,-1.098939e+01,1.208333e-02,2.736446e-01,0,1.220936e-05,-9.984962e-01,4.372914e-01,-7.592926e-01,-4.968588e-01,-6.961634e-01,-2.558194e+00,-1.659654e-01,1.035488e+00,2.603339e+00,-4.817484e-01,2.054841e+00,2.244468e-01,3.472222e-03,-1.681981e-02,0
1.299836e-04,-5.331713e+00,1.117860e+01,3.634954e+00,-5.410329e+00,-1.240978e+01,-1.357212e+01,-1.569915e+00,-9.205963e+00,-2.152614e+00,2.311478e+00,8.084724e+00,-9.240482e+00,1.625000e-02,2.120796e-01,0,4.072489e-05,-1.499902e+00,4.168984e-01,-1.342711e+00,6.958278e-01,4.323120e-02,-2.170505e+00,3.300393e-02,8.248561e-01,3.209887e+00,-2.369125e+00,2.514218e+00,8.112106e-02,9.166667e-03,-8.777018e-03,0
2.222480e-04,-7.475414e+00,1.223002e+01,2.338806e+00,-3.198195e+00,-1.120965e+01,-1.642208e+01,8.550401e-01,-8.063518e+00,1.847016e+00,-2.052772e+00,1.063722e+01,-1.104226e+01,3.013889e-02,2.339422e-01,0,7.358233e-05,-1.897922e+00,-2.933564e-01,-1.205392e+00,1.972079e+00,1.232540e+00,-9.971555e-01,-1.205459e+00,5.924757e-01,2.524286e+00,-3.537457e+00,1.679850e+00,-6.833014e-01,1.318056e-02,4.518117e-03,0
2.926715e-04,-9.748387e+00,1.146966e+01,3.197880e-01,7.910357e-01,-8.992677e+00,-1.496844e+01,-1.377869e+00,-8.683301e+00,4.232420e+00,-7.335241e+00,1.195890e+01,-1.174429e+01,4.972222e-02,2.507042e-01,0,6.493244e-05,-1.594756e+00,-1.653873e+00,-5.094534e-01,2.819879e+00,2.129067e+00,3.949330e-01,-3.012084e+00,9.359499e-01,1.071450e+00,-3.033334e+00,-1.350327e-01,-5.808927e-01,1.202778e-02,2.268563e-02,0
4.112497e-04,-1.166306e+01,8.548274e+00,1.513468e+00,3.589764e+00,-6.102712e+00,-1.466173e+01,-7.832804e+00,-6.991679e+00,4.469923e+00,-9.089295e+00,1.046707e+01,-1.315399e+01,6.125000e-02,2.769229e-01,0,4.892035e-05,1.576137e-03,-2.819691e+00,-6.478983e-01,2.321285e+00,2.032938e+00,9.917622e-01,-3.885201e+00,1.473544e+00,-7.720462e-01,-2.129011e+00,-1.953736e+00,1.354411e-01,4.111110e-03,2.362227e-02,0
3.601449e-04,-1.121167e+01,4.750109e+00,1.500356e+00,5.295085e+00,-4.317915e+00,-1.247762e+01,-1.228641e+01,-5.062133e+00,1.893183e+00,-9.336930e+00,7.494638e+00,-1.108908e+01,6.083333e-02,3.040174e-01,0,9.192160e-05,2.197820e+00,-3.620839e+00,-1.388320e+00,1.663900e+00,1.366172e+00,7.764033e-01,-2.514928e+00,2.415794e+00,-1.362448e+00,-1.626185e+00,-3.110609e+00,1.026929e+00,-5.555556e-03,2.387280e-02,0
4.331130e-04,-6.735892e+00,1.491337e+00,-1.490969e+00,6.156206e+00,-3.382339e+00,-1.270867e+01,-1.311669e+01,-2.506384e+00,-8.435969e-01,-1.169698e+01,3.100674e+00,-1.069266e+01,4.513888e-02,3.253970e-01,0,2.397097e-04,3.714065e+00,-4.290542e+00,-2.222353e+00,7.031589e-01,8.433665e-01,6.290985e-01,-6.591889e-01,3.479745e+00,-1.018565e+00,-1.989273e+00,-3.363870e+00,1.713687e+00,-1.130556e-02,1.114381e-02,0
7.413478e-04,-1.222873e+00,-3.106065e+00,-5.119592e+00,7.827316e+00,-3.522001e+00,-1.206295e+01,-1.131057e+01,1.153024e+00,7.694300e-02,-1.416232e+01,8.904978e-02,-7.840311e+00,3.000000e-02,3.458311e-01,0,4.624783e-04,3.307647e+00,-4.747176e+00,-1.554704e+00,-7.184560e-01,9.585069e-01,3.154157e-01,5.351003e-01,4.369144e+00,-5.361937e-01,-1.993864e+00,-2.788028e+00,1.692150e+00,-1.038889e-02,-7.517016e-03,0
1.419197e-03,1.912861e+00,-8.976350e+00,-6.288322e+00,5.839443e+00,-2.283837e+00,-1.172357e+01,-1.161667e+01,7.299469e+00,2.852165e-01,-1.662296e+01,-2.649488e+00,-6.209942e+00,2.013889e-02,3.117351e-01,0,5.498777e-04,1.478425e+00,-4.462955e+00,8.229675e-02,-1.595645e+00,1.408450e+00,1.424465e-01,7.280104e-01,3.912264e+00,-9.762731e-01,-1.077387e+00,-1.971052e+00,1.389735e+00,-4.583333e-03,-1.694252e-02,0
2.179495e-03,1.002187e+00,-1.375193e+01,-3.874487e+00,1.861187e+00,-7.463169e-02,-1.139309e+01,-1.036092e+01,1.188066e+01,-1.352193e+00,-1.684326e+01,-3.570422e+00,-4.869689e+00,2.138889e-02,2.732633e-01,0,4.269985e-04,-2.352038e-01,-3.140835e+00,1.479590e+00,-1.683678e+00,1.256775e+00,-3.178357e-01,5.204450e-01,2.073036e+00,-1.490059e+00,4.806804e-01,-1.843023e+00,8.671614e-01,3.333330e-04,-1.793645e-02,0
2.463428e-03,-4.562972e-01,-1.550050e+01,-1.702038e+00,1.161044e+00,1.936228e+00,-1.233137e+01,-9.951463e+00,1.169112e+01,-5.010395e+00,-1.574345e+01,-4.924848e+00,-5.229296e+00,2.652778e-02,2.769683e-01,0,1.494252e-04,-9.753820e-01,-1.360078e+00,1.696499e+00,-7.602854e-01,4.222690e-01,-4.925747e-01,7.052555e-01,-4.256535e-01,-1.443457e+00,1.713525e+00,-2.182417e+00,5.729372e-01,2.402778e-03,-4.806414e-03,0
2.354225e-03,-1.214313e+00,-1.554816e+01,-1.478219e-02,1.748124e+00,6.518393e-01,-1.334823e+01,-9.540946e+00,9.322379e+00,-4.725548e+00,-1.219868e+01,-7.988387e+00,-3.994827e+00,2.847222e-02,2.735323e-01,0,-8.107039e-05,-8.285850e-01,-9.885702e-02,9.477406e-01,-4.930636e-01,-4.292849e-01,-4.188891e-01,9.746360e-01,-1.678638e+00,-5.263584e-01,2.201601e+00,-2.686439e+00,5.908297e-01,1.486111e-03,-1.274633e-03,0
2.078958e-03,-1.855800e+00,-1.487862e+01,2.643201e-01,2.094548e+00,-5.357273e-01,-1.320888e+01,-8.500382e+00,6.450343e+00,-5.245392e+00,-1.037763e+01,-1.135259e+01,-3.782687e+00,2.861111e-02,2.875685e-01,0,-1.510855e-04,-6.128799e-01,4.713066e-01,9.491901e-02,-1.137852e+00,-2.892864e-01,-2.851428e-01,1.916729e+00,-1.222116e+00,6.985893e-01,2.182886e+00,-2.480748e+00,8.024529e-01,-6.944463e-05,5.480349e-05,0
1.966378e-03,-2.440987e+00,-1.455715e+01,-1.189630e-01,-1.070883e+00,-9.850783e-01,-1.304878e+01,-6.213283e+00,6.107860e+00,-3.866486e+00,-8.518166e+00,-1.378874e+01,-2.638844e+00,2.777778e-02,2.615900e-01,0,-1.516143e-04,-3.642573e-01,5.981957e-01,-3.916737e-01,-1.604818e+00,2.611216e-01,-2.072020e-01,2.128829e+00,-4.608822e-01,1.119034e+00,1.896159e+00,-1.532673e+00,5.808263e-01,-8.472221e-04,4.545635e-03,0
1.901924e-03,-2.907360e+00,-1.363948e+01,-1.175352e+00,-3.118713e+00,1.308255e+00,-1.390681e+01,-2.031650e+00,7.187801e+00,-1.946979e+00,-6.669273e+00,-1.442841e+01,-1.895023e+00,2.652778e-02,2.832134e-01,0,-1.547534e-04,2.177238e-03,6.667826e-01,-5.576288e-01,-1.216619e+00,1.335200e-01,-3.868121e-01,1.654717e+00,1.932246e-01,1.380851e+00,1.329409e+00,-8.712224e-01,-1.006937e-03,-1.388889e-03,8.636284e-03,0
1.684670e-03,-2.509820e+00,-1.317676e+01,-1.253314e+00,-3.669333e+00,1.035456e+00,-1.403528e+01,-2.131168e+00,6.649239e+00,-7.795856e-01,-4.572062e+00,-1.411384e+01,-2.034527e+00,2.527778e-02,2.984380e-01,0,-1.911077e-04,3.850091e-01,3.655694e-01,-7.933429e-01,4.893217e-02,-6.836053e-01,2.593018e-01,5.874190e-01,2.200446e-01,1.225525e+00,5.770000e-01,-4.030417e-01,-1.024474e+00,-1.361111e-03,1.011017e-02,0
1.446045e-03,-1.810497e+00,-1.223491e+01,-1.956648e+00,-2.689325e+00,-8.783944e-01,-1.464969e+01,-2.267856e+00,7.145776e+00,1.154150e-01,-5.703640e+00,-1.554615e+01,-4.089880e+00,2.291667e-02,3.123260e-01,0,-2.051460e-04,6.589939e-01,5.312300e-02,-8.161677e-01,1.239565e+00,-1.257573e+00,1.295446e+00,3.241792e-02,8.735075e-02,9.457195e-01,-2.144248e-01,-3.494720e-01,-1.960295e+00,-9.722227e-04,1.595211e-03,0
1.238779e-03,-1.064373e+00,-1.343159e+01,-3.695030e+00,-1.040916e+00,-3.309780e+00,-1.138083e+01,-3.158085e+00,7.229095e+00,1.229941e+00,-6.115982e+00,-1.524508e+01,-6.663786e+00,2.277778e-02,2.975846e-01,0,-1.825948e-04,5.991745e-01,-5.959320e-03,-8.075925e-01,1.819709e+00,-7.581603e-01,1.955660e+00,4.968724e-01,1.603363e-01,9.299458e-01,-1.981675e-01,8.417054e-02,-2.248002e+00,-3.888890e-04,1.568308e-03,0
1.099140e-03,-3.351135e-01,-1.324644e+01,-4.035333e+00,1.764903e+00,-2.806991e+00,-8.756799e+00,-1.356102e+00,7.334627e+00,1.776855e+00,-6.969437e+00,-1.561015e+01,-9.381870e+00,2.291667e-02,2.916162e-01,0,-1.634785e-04,3.886047e-01,2.440881e-01,-2.360964e-01,1.652891e+00,-5.992576e-02,1.602469e+00,7.741141e-01,-1.011360e-01,7.237701e-01,5.337896e-02,5.575891e-01,-1.937440e+00,-1.666663e-04,1.082098e-02,0
9.451487e-04,-2.516388e-01,-1.270079e+01,-4.251935e+00,3.202095e+00,-1.791047e+00,-7.203423e+00,-1.026827e-01,7.356495e+00,3.039423e+00,-4.930001e+00,-1.366099e+01,-1.062854e+01,2.333333e-02,3.166344e-01,0,-1.432654e-04,1.135300e-01,6.257741e-01,4.967902e-02,7.527598e-01,-6.492766e-02,-3.053570e-03,1.126782e+00,1.841980e-01,8.831360e-01,2.721130e-01,6.171980e-01,-9.798662e-01,-5.833330e-04,3.485035e-02,0
7.754675e-04,-2.738407e-01,-1.137987e+01,-2.858678e+00,3.453623e+00,-1.937390e+00,-8.726051e+00,7.501340e-02,6.576396e+00,2.829525e+00,-6.029736e+00,-1.355025e+01,-1.179470e+01,2.180555e-02,3.569059e-01,0,-1.240417e-04,-3.967977e-01,8.293210e-01,9.598775e-02,-3.851076e-01,-9.416828e-02,-1.398058e+00,1.092893e+00,3.495234e-01,4.949191e-01,3.182796e-01,8.085682e-01,-7.635679e-02,-9.305555e-04,2.940254e-02,0
6.842879e-04,-5.273594e-01,-1.123601e+01,-4.034962e+00,1.878523e+00,-4.069219e+00,-1.141147e+01,1.760265e+00,8.529201e+00,5.119286e+00,-5.225267e+00,-1.318904e+01,-1.035670e+01,2.041667e-02,4.391915e-01,0,-9.620168e-05,-8.226812e-01,1.037833e+00,-7.112803e-02,-9.997894e-01,5.574843e-01,-2.059795e+00,1.194644e+00,4.970830e-01,-4.027680e-01,1.202722e-02,8.023154e-01,4.474940e-01,-5.972224e-04,7.871416e-03,0
6.093613e-04,-2.181242e+00,-9.832230e+00,-3.663880e+00,5.011510e-01,-2.138746e+00,-1.364306e+01,3.176890e+00,8.495891e+00,3.211519e+00,-5.230406e+00,-1.180329e+01,-9.899574e+00,1.972222e-02,3.773504e-01,0,-8.194983e-05,-1.157228e+00,1.305616e+00,-2.132826e-02,-9.845379e-01,1.616312e+00,-1.523223e+00,5.368242e-01,1.093506e-01,-1.289202e+00,-5.662041e-02,9.492220e-01,8.250847e-02,4.861116e-04,-2.618879e-02,0
5.471934e-04,-3.411344e+00,-8.285443e+00,-4.204974e+00,-3.206160e-01,1.097052e+00,-1.504389e+01,4.319601e+00,8.882163e+00,8.345854e-01,-5.269530e+00,-1.052290e+01,-9.338635e+00,2.138889e-02,3.457693e-01,0,-8.100510e-05,-1.265914e+00,1.464444e+00,2.784279e-01,-6.010451e-01,2.522760e+00,-1.862490e-01,-9.144682e-01,-4.888366e-01,-1.921181e+00,-4.884972e-01,4.213776e-01,-1.079659e+00,1.763890e-03,-4.217392e-02,0
4.342656e-04,-4.617989e+00,-6.327074e+00,-2.880314e+00,-3.694973e-01,3.561035e+00,-1.452596e+01,1.479467e+00,6.946668e+00,-1.474133e+00,-6.290707e+00,-1.013721e+01,-1.189119e+01,2.375000e-02,2.726731e-01,0,1.361953e-04,-1.888373e+00,1.470832e+00,8.597363e-01,-1.318041e+00,2.428466e+00,6.881275e-01,-2.246980e+00,-6.767868e-01,-1.556115e+00,-7.560099e-01,1.899719e-04,-1.466410e+00,4.250000e-03,-3.870447e-02,0
3.668102e-04,-5.638554e+00,-5.666368e+00,-3.034606e+00,-6.913782e-01,5.694691e+00,-1.190127e+01,-1.963365e+00,6.859629e+00,-2.143795e+00,-7.137602e+00,-1.191519e+01,-1.475919e+01,2.722222e-02,2.806605e-01,0,6.044357e-04,-3.298447e+00,1.790031e+00,1.573467e+00,-2.473293e+00,2.609888e+00,5.583929e-01,-2.369126e+00,-6.562907e-01,-7.040319e-01,-5.005513e-01,7.277350e-01,-7.243711e-01,8.486112e-03,-3.523779e-02,0
1.380529e-03,-1.050950e+01,-3.787609e+00,4.961745e-02,-5.903675e+00,7.704763e+00,-1.177373e+01,-4.916530e+00,6.123224e+00,-3.079867e+00,-8.076419e+00,-1.110619e+01,-1.452135e+01,3.805555e-02,2.163824e-01,0,1.162767e-03,-4.585640e+00,2.100642e+00,2.054029e+00,-3.471390e+00,2.410650e+00,-3.467569e-01,-6.860738e-01,-5.792173e-01,-1.177128e-01,6.285076e-02,1.854063e+00,1.607420e+00,1.361111e-02,-1.054312e-02,0
3.096240e-03,-1.695782e+01,-6.050180e-01,2.197396e+00,-9.919990e+00,1.207463e+01,-1.362804e+01,-4.328029e+00,6.012432e+00,-1.882708e+00,-6.879430e+00,-6.399733e+00,-1.164541e+01,5.666667e-02,1.977257e-01,0,1.130425e-03,-4.309975e+00,2.152830e+00,2.087210e+00,-2.626515e+00,1.220851e+00,-8.563541e-01,8.127428e-01,-5.553754e-01,1.302887e-01,6.968284e-01,2.741069e+00,3.467924e+00,1.581945e-02,9.899112e-03,0
4.883385e-03,-2.188655e+01,1.645460e+00,4.773834e+00,-1.311215e+01,1.242432e+01,-1.539636e+01,-7.685701e-01,4.474180e+00,-2.193241e+00,-6.105539e+00,-3.624629e+00,-5.410978e+00,7.708333e-02,2.614249e-01,0,4.253510e-04,-2.181714e+00,1.505888e+00,1.419721e+00,-2.079017e-01,-7.391510e-01,-4.571672e-01,1.208961e+00,-2.545705e-02,2.305040e-01,6.254622e-01,1.533826e+00,3.237699e+00,1.134722e-02,2.801585e-02,0
4.267509e-03,-2.149990e+01,2.381248e+00,5.039335e+00,-1.021972e+01,9.439166e+00,-1.437173e+01,2.636929e-02,4.907274e+00,-1.935664e+00,-4.638900e+00,-1.950623e+00,-1.974753e+00,8.680556e-02,3.076348e-01,0,-5.231804e-04,7.122452e-01,9.712211e-01,1.001334e+00,1.767258e+00,-2.755519e+00,1.290546e-01,-5.852346e-01,1.081081e-01,1.578336e-01,3.377638e-02,-6.034312e-01,1.624211e+00,1.375000e-03,1.947625e-02,0
2.921650e-03,-1.914703e+01,2.248697e+00,5.727253e+00,-6.793320e+00,5.326739e+00,-1.368772e+01,-1.048924e+00,6.548518e+00,-1.900869e+00,-6.069373e+00,-5.661620e+00,-3.168184e+00,7.972223e-02,3.015071e-01,0,-9.898146e-04,2.662415e+00,1.038282e+00,8.483673e-01,2.793597e+00,-3.132000e+00,1.945953e-01,-2.733018e+00,-6.151840e-01,5.537573e-01,-1.357440e-01,-2.150345e+00,6.046057e-02,-1.018056e-02,4.057205e-03,0
1.461206e-03,-1.476636e+01,3.949469e+00,6.727355e+00,-4.243113e+00,1.845823e+00,-1.383708e+01,-7.114025e+00,5.515804e+00,-1.239726e+00,-6.728631e+00,-8.398394e+00,-4.645753e+00,6.222222e-02,2.750659e-01,0,-7.522721e-04,3.095884e+00,1.302632e+00,1.241964e+00,1.884753e+00,-2.746456e+00,-7.550709e-01,-3.427518e+00,-2.132959e+00,6.177913e-01,6.046458e-01,-2.282986e+00,7.236166e-02,-1.706945e-02,8.495405e-03,0
1.337463e-03,-1.194125e+01,6.052761e+00,8.171660e+00,-2.132464e+00,5.609910e-01,-1.469071e+01,-1.086347e+01,1.093994e+00,2.275762e-01,-5.739393e+00,-1.115247e+01,-3.773175e+00,3.847222e-02,2.979954e-01,0,-3.259105e-04,2.475078e+00,1.081367e+00,1.370279e+00,9.884810e-01,-1.837815e+00,-2.027851e+00,-2.556911e+00,-3.027185e+00,1.194349e+00,1.732982e+00,-1.516019e+00,5.743677e-01,-1.684722e-02,1.300380e-02,0
1.298242e-03,-9.623375e+00,6.992374e+00,1.002695e+01,-3.126382e+00,-1.910237e+00,-1.764559e+01,-1.220395e+01,-3.030261e+00,8.906988e-02,-1.780661e+00,-1.062013e+01,-1.310449e+00,2.208333e-02,3.518676e-01,0,1.761748e-05,1.402222e+00,1.060724e-02,8.189819e-01,1.892101e-01,-7.844616e-01,-3.246488e+00,-7.500486e-01,-2.639905e+00,1.414905e+00,2.222472e+00,-9.030256e-01,2.907745e-02,-1.109722e-02,1.422055e-02,0
1.373579e-03,-9.343135e+00,6.134082e+00,1.092885e+01,-2.409280e+00,-1.984306e+00,-2.192272e+01,-1.128852e+01,-4.314376e+00,3.406476e+00,1.215543e-01,-1.213085e+01,-1.963998e+00,1.555556e-02,3.281251e-01,0,8.610071e-05,7.832559e-01,-1.162626e+00,-4.430508e-01,-1.232923e-01,5.518456e-01,-3.444467e+00,1.753340e-01,-1.528847e+00,1.294058e+00,1.588270e+00,-5.521314e-01,-1.021026e+00,-3.611111e-03,9.005022e-03,0
1.531235e-03,-9.054305e+00,3.961845e+00,9.443670e+00,-3.158654e+00,-8.038364e-01,-2.645351e+01,-1.065174e+01,-4.979537e+00,4.245350e+00,1.453253e+00,-1.242433e+01,-5.404954e+00,1.819444e-02,3.311038e-01,0,9.718120e-05,5.655917e-01,-1.937545e+00,-1.848731e+00,-7.469425e-02,1.574463e+00,-1.852617e+00,5.978969e-01,-7.426244e-01,6.563562e-01,3.113887e-01,2.391760e-01,-1.491559e+00,1.125000e-03,1.493968e-02,0
1.651470e-03,-8.309505e+00,1.754894e+00,6.248047e+00,-2.732789e+00,2.767019e+00,-2.750908e+01,-1.076290e+01,-5.575602e+00,4.619728e+00,5.849988e-01,-1.301103e+01,-6.831051e+00,2.236111e-02,3.534025e-01,0,4.396334e-05,8.391482e-01,-1.943313e+00,-2.506701e+00,-4.635344e-01,1.374398e+00,6.430451e-01,7.464538e-01,-6.672370e-01,-7.771018e-01,-5.130298e-01,1.371854e+00,-6.973720e-01,2.222222e-03,2.696728e-02,0
1.645203e-03,-7.312232e+00,-5.057558e-01,3.123698e+00,-3.338099e+00,3.586414e+00,-2.411550e+01,-9.477278e+00,-6.112771e+00,2.764225e+00,-4.554399e-01,-8.984160e+00,-6.334719e+00,2.430555e-02,4.139274e-01,0,-3.982943e-05,9.007635e-01,-1.547807e+00,-2.112420e+00,-7.965742e-01,-2.447981e-02,2.837513e+00,7.164138e-01,-1.026829e+00,-1.509649e+00,-1.048082e+00,1.653190e+00,7.328821e-01,7.361110e-04,1.915290e-02,0
1.536412e-03,-6.018431e+00,-1.348680e+00,1.555330e+00,-4.637230e+00,2.692561e+00,-1.987650e+01,-8.143481e+00,-7.083945e+00,2.615291e-01,-1.489248e+00,-6.991665e+00,-4.985976e+00,2.361111e-02,4.215497e-01,0,-1.062634e-04,7.186581e-01,-1.017716e+00,-1.046444e+00,-1.063668e+00,-1.875299e+00,3.232111e+00,3.757526e-01,-1.476006e+00,-1.734561e+00,-6.321985e-01,1.170656e+00,1.441781e+00,-1.305556e-03,6.855202e-03,0
1.389617e-03,-5.696024e+00,-2.225404e+00,1.227928e+00,-6.189304e+00,-8.890066e-01,-1.608223e+01,-8.379383e+00,-9.359509e+00,-1.123793e+00,-2.750032e+00,-7.168064e+00,-2.663081e+00,2.125000e-02,3.927946e-01,0,-1.352894e-04,4.299228e-01,-5.030221e-01,-1.913061e-02,-7.412077e-01,-2.717582e+00,2.146195e+00,-4.009359e-01,-1.571957e+00,-1.299705e+00,-1.652485e-01,-1.179910e-01,1.599037e+00,-2.708333e-03,5.271551e-03,0
1.247946e-03,-5.524317e+00,-2.473863e+00,1.963711e+00,-6.625524e+00,-4.371768e+00,-1.536516e+01,-9.433085e+00,-1.133226e+01,-2.109066e+00,-1.428697e+00,-8.065793e+00,-1.457963e+00,1.736111e-02,3.982449e-01,0,-1.329106e-04,2.666844e-01,2.206595e-02,7.635275e-01,7.790280e-03,-2.501979e+00,7.248871e-01,-9.620004e-01,-1.078019e+00,-7.659667e-01,4.478591e-01,-7.792424e-01,8.461987e-01,-3.347222e-03,2.227938e-02,0
1.112989e-03,-5.409674e+00,-2.458276e+00,2.823854e+00,-6.049990e+00,-6.469331e+00,-1.564020e+01,-1.083716e+01,-1.184840e+01,-2.549001e+00,-1.311958e+00,-9.037051e+00,-1.035390e-01,1.388889e-02,4.519376e-01,0,-1.200348e-04,3.150457e-01,7.105060e-01,1.159584e+00,3.331192e-01,-1.456109e+00,-1.801879e-01,-1.159727e+00,-4.253713e-01,-4.936280e-01,8.828105e-01,-9.628891e-01,-1.234991e-01,-3.263889e-03,3.815442e-02,0
1.010173e-03,-4.828184e+00,-1.121915e+00,4.575005e+00,-4.667936e+00,-7.027174e+00,-1.647309e+01,-1.172460e+01,-1.122960e+01,-2.855701e+00,3.101011e-02,-9.953383e+00,-2.034754e+00,1.055556e-02,5.033751e-01,0,-1.081035e-04,4.192894e-01,1.099795e+00,1.092193e+00,4.134880e-01,-5.421542e-01,-1.968250e-01,-1.017516e+00,-5.687855e-01,-4.681846e-01,1.063431e+00,-2.563227e-01,-8.606059e-01,-2.583334e-03,3.727093e-02,0
9.083293e-04,-4.468863e+00,6.511517e-01,5.720203e+00,-5.502502e+00,-6.841849e+00,-1.642921e+01,-1.303226e+01,-1.153770e+01,-3.218616e+00,9.341667e-01,-1.103871e+01,-2.992182e+00,8.333334e-03,5.310016e-01,0,-9.827195e-05,5.178985e-01,1.032214e+00,6.755878e-01,1.460280e-01,-2.835868e-01,3.329588e-01,-4.309943e-01,-1.015592e+00,-7.778565e-01,1.129903e+00,9.618565e-01,-6.347445e-01,-1.750000e-03,2.370170e-02,0
8.097585e-04,-3.898276e+00,1.470396e+00,5.976501e+00,-4.831828e+00,-6.896281e+00,-1.595478e+01,-1.342311e+01,-1.433154e+01,-4.115181e+00,2.765396e+00,-8.346575e+00,-4.316672e+00,7.222222e-03,5.450675e-01,0,-9.074838e-05,6.161492e-01,4.188129e-01,-2.905655e-03,3.871141e-02,-1.960070e-01,8.831550e-01,2.487191e-01,-1.188717e+00,-1.051851e+00,8.144745e-01,1.974564e+00,1.160222e-01,-7.638888e-04,2.528661e-03,0
7.218363e-04,-3.285135e+00,1.406641e+00,5.501045e+00,-5.237904e+00,-7.952712e+00,-1.423456e+01,-1.214287e+01,-1.537539e+01,-5.808543e+00,2.970361e+00,-5.031173e+00,-2.136303e+00,6.805555e-03,5.495999e-01,0,-7.687856e-05,7.783974e-01,3.199094e-02,-3.401032e-01,-1.442227e-01,-7.294683e-02,1.026697e+00,1.009288e+00,-1.832529e-01,-1.837830e-01,1.184363e-01,1.837127e+00,3.643558e-01,1.388889e-04,-2.758140e-02,0
6.496775e-04,-2.339301e+00,5.944046e-01,4.670055e+00,-4.606678e+00,-7.451777e+00,-1.315464e+01,-1.092570e+01,-1.525434e+01,-6.819992e+00,3.085285e+00,-3.084335e+00,-1.882582e+00,7.500000e-03,5.067193e-01,0,-4.176504e-05,1.003338e+00,4.584699e-02,-5.048078e-01,-8.570740e-01,4.059267e-03,9.354964e-01,1.527960e+00,1.154134e+00,1.059849e+00,-6.210932e-01,7.569507e-01,3.622800e-01,9.027777e-04,-6.267078e-02,0
6.039770e-04,-1.356363e+00,1.249102e+00,4.672910e+00,-6.336191e+00,-6.928835e+00,-1.269579e+01,-9.234527e+00,-1.199256e+01,-2.785126e+00,1.366404e+00,-4.484199e+00,-2.387447e+00,8.888889e-03,4.122687e-01,0,2.209009e-05,1.270267e+00,1.541523e-01,-8.076277e-01,-1.559773e+00,-1.159257e-01,6.105693e-01,2.149511e+00,2.078219e+00,1.368349e+00,-1.634118e+00,3.644745e-01,1.737941e-01,1.125000e-03,-8.853537e-02,0
6.598629e-04,1.540298e-01,1.778401e+00,3.866530e+00,-8.568054e+00,-7.387923e+00,-1.204668e+01,-7.237484e+00,-1.025228e+01,-3.276438e-01,4.619094e-01,-4.835309e+00,-2.379699e+00,1.069444e-02,3.003792e-01,0,7.505826e-05,1.412153e+00,2.044971e-02,-1.251640e+00,-1.641402e+00,-5.449440e-01,7.199057e-01,2.811087e+00,2.311701e+00,-1.429965e-01,-2.337909e+00,9.805978e-01,4.965259e-01,8.333332e-04,-8.053965e-02,0
8.271940e-04,1.819533e+00,1.585405e+00,1.864670e+00,-1.105608e+01,-8.564267e+00,-1.173569e+01,-3.239421e+00,-7.485321e+00,-2.212971e+00,-3.888543e+00,-2.333314e+00,-1.018774e+00,1.083333e-02,2.100931e-01,0,1.005454e-04,1.278720e+00,-7.530586e-01,-1.754005e+00,-6.629685e-01,-2.591816e-01,7.661285e-01,3.119006e+00,1.970016e+00,-2.485490e+00,-2.320463e+00,2.084137e+00,7.055328e-01,3.611110e-04,-4.305563e-02,0
9.133603e-04,3.133515e+00,5.285017e-01,-1.840221e-01,-1.045374e+01,-9.358781e+00,-1.003516e+01,1.321849e-01,-5.949457e+00,-7.821051e+00,-5.976784e+00,7.432117e-01,-8.428943e-02,1.069444e-02,2.051089e-01,0,8.920476e-05,8.592463e-01,-1.458176e+00,-1.675260e+00,5.880135e-01,6.138499e-01,5.260750e-01,2.775080e+00,1.979732e+00,-2.836204e+00,-1.375990e+00,2.158738e+00,6.930363e-01,2.361110e-04,9.227420e-03,0
9.799551e-04,3.547496e+00,-1.891242e+00,-2.071840e+00,-8.708188e+00,-7.239314e+00,-9.870911e+00,2.675667e+00,-4.293896e+00,-1.146587e+01,-7.016566e+00,3.147228e+00,-7.488380e-03,1.069444e-02,2.446257e-01,0,7.830833e-05,3.903145e-01,-1.850021e+00,-1.424945e+00,1.328432e+00,1.669225e+00,-8.949928e-02,2.056854e+00,2.051127e+00,-1.298667e+00,-5.676379e-02,1.092329e+00,5.376781e-01,5.416666e-04,3.927193e-02,0
1.029506e-03,3.586280e+00,-3.774156e+00,-2.541515e+00,-6.801933e+00,-4.981150e+00,-1.034869e+01,3.680373e+00,-1.949332e+00,-9.882213e+00,-4.854030e+00,3.218109e+00,5.798394e-01,1.194444e-02,3.292500e-01,0,8.514978e-05,3.766041e-02,-1.720080e+00,-1.398703e+00,1.422025e+00,2.568977e+00,-8.538965e-01,1.381386e+00,1.825354e+00,4.869743e-01,1.005357e-01,-5.930700e-02,6.563529e-01,7.499999e-04,3.808659e-02,0
1.160663e-03,3.544723e+00,-5.513372e+00,-4.081307e+00,-6.239825e+00,-2.406958e+00,-1.202642e+01,5.270756e+00,7.702534e-01,-7.675726e+00,-4.733739e+00,1.890884e+00,1.337552e+00,1.291667e-02,3.443822e-01,0,6.273284e-05,-1.458539e-01,-1.113924e+00,-1.467975e+00,1.477679e+00,2.486917e+00,-8.932124e-01,6.934962e-01,1.024224e+00,1.069602e+00,-5.197169e-01,-9.939117e-01,9.057536e-01,6.388890e-04,1.515850e-02,0
1.248755e-03,3.323203e+00,-6.260831e+00,-6.172803e+00,-4.577799e+00,1.069927e+00,-1.322689e+01,5.741569e+00,6.452393e-01,-7.281251e+00,-6.615519e+00,1.074849e+00,2.524955e+00,1.333333e-02,3.456636e-01,0,1.840319e-05,-2.260967e-01,-4.667541e-01,-1.398881e+00,1.540895e+00,1.726791e+00,-5.180791e-01,-5.561633e-02,6.394324e-02,8.065677e-01,-1.214183e+00,-1.263571e+00,1.137632e+00,1.388891e-04,-8.902406e-03,0
1.183995e-03,2.949764e+00,-6.217525e+00,-7.596069e+00,-2.431862e+00,2.169735e+00,-1.289788e+01,5.112550e+00,-4.700600e-01,-7.418339e+00,-8.734406e+00,-7.507007e-01,3.548722e+00,1.319444e-02,3.122114e-01,0,-3.664814e-05,-1.873060e-01,3.717652e-01,-6.971892e-01,1.384663e+00,-1.480718e-01,-2.070028e-01,-7.344298e-01,-5.698403e-02,1.261132e+00,-9.010651e-01,-1.176807e+00,1.145755e+00,-3.888890e-04,-1.686397e-02,0
1.109856e-03,2.753276e+00,-5.755850e+00,-7.778540e+00,-1.001440e+00,1.364459e+00,-1.250336e+01,3.481395e+00,-1.009459e+00,-5.978068e+00,-8.924613e+00,-1.778954e+00,5.162416e+00,1.250000e-02,3.008233e-01,0,-5.270713e-05,-1.318357e-01,1.035915e+00,1.269865e-01,8.555030e-01,-1.755546e+00,-2.323976e-01,-8.588184e-01,-2.509242e-01,2.091213e+00,1.196824e-01,-7.416989e-01,1.225187e+00,-8.472221e-04,-1.902485e-02,0
1.046872e-03,2.893157e+00,-3.907037e+00,-6.764385e+00,-1.104687e+00,-3.294583e+00,-1.342320e+01,2.728694e+00,1.312683e+00,-2.021656e+00,-8.084517e+00,-2.566251e+00,5.747596e+00,1.138889e-02,2.824824e-01,0,-2.196445e-05,6.508448e-02,1.491517e+00,4.886803e-01,-3.023630e-02,-2.489370e+00,-7.842378e-02,-6.513265e-01,-4.517372e-01,2.129081e+00,6.461557e-01,-3.828146e-01,1.089828e+00,-1.055556e-03,-3.588179e-03,0
1.053781e-03,2.692329e+00,-2.236502e+00,-5.953713e+00,-9.638712e-01,-4.975642e+00,-1.412621e+01,2.639405e+00,-1.500753e+00,4.764723e-01,-6.342051e+00,-1.725871e+00,7.551455e+00,1.000000e-02,2.654038e-01,0,-3.827014e-06,1.745461e-01,1.506266e+00,5.317519e-01,-4.820939e-01,-2.467645e+00,5.130900e-01,-2.399335e-01,-1.132711e+00,9.558542e-01,4.654568e-01,-3.433842e-01,5.335056e-01,-8.333333e-04,1.118228e-02,0
1.102210e-03,3.305660e+00,-5.196163e-01,-6.065081e+00,-2.601828e+00,-7.107065e+00,-1.247857e+01,2.276912e+00,-2.483099e+00,-2.032121e-04,-6.794908e+00,-2.691315e+00,7.803340e+00,9.166666e-03,3.119803e-01,0,-1.173125e-05,2.993010e-01,1.054939e+00,2.870416e-01,-3.866864e-01,-1.570380e+00,1.539901e+00,6.638078e-02,-1.425634e+00,-5.464758e-01,1.757897e-01,-4.056081e-01,-3.576942e-01,-2.499997e-04,2.559987e-02,0
1.063052e-03,3.419755e+00,8.176949e-02,-5.469433e+00,-2.663339e+00,-9.067525e+00,-1.041022e+01,2.507618e+00,-4.775125e+00,-2.209523e+00,-7.242134e+00,-3.433343e+00,6.802072e+00,9.444444e-03,3.419858e-01,0,-5.109797e-05,3.048986e-01,4.727555e-01,3.183355e-01,6.229675e-03,-9.286034e-01,1.811217e+00,3.828651e-01,-8.336180e-01,-7.690035e-01,3.601065e-01,-3.964376e-01,-1.617332e+00,1.805555e-04,3.327456e-02,0
9.835800e-04,4.025949e+00,2.085202e-01,-5.571317e+00,-2.188385e+00,-9.100540e+00,-7.581686e+00,3.126491e+00,-4.178301e+00,-3.411037e+00,-6.755527e+00,-3.740556e+00,4.333817e+00,1.041667e-02,3.721908e-01,0,-9.317081e-05,1.318078e-01,-3.784680e-03,2.240801e-01,5.524076e-01,2.692734e-01,1.354771e+00,6.141793e-01,-8.632773e-01,-1.395327e-01,1.256189e+00,1.262594e-01,-2.098227e+00,1.388890e-04,2.450731e-02,0
8.576064e-04,3.856677e+00,-2.367924e-01,-4.608917e+00,-1.139444e+00,-8.621922e+00,-7.518570e+00,4.128941e+00,-4.821242e+00,-1.663128e+00,-4.561208e+00,-3.183439e+00,1.199555e+00,1.027778e-02,4.016713e-01,0,-1.097099e-04,-8.909319e-02,-2.839731e-02,2.158668e-01,3.666484e-01,8.244981e-01,6.461306e-01,6.790456e-01,-3.202695e-01,6.878848e-01,1.882173e+00,2.798730e-01,-2.000890e+00,-3.472222e-04,1.988079e-02,0
7.390787e-04,3.746238e+00,-3.792588e-01,-5.374938e+00,-6.017373e-01,-5.983500e+00,-7.150540e+00,4.537147e+00,-6.776427e+00,-9.710645e-01,-1.854426e+00,-2.184970e+00,1.134633e-01,9.444444e-03,4.046741e-01,0,-1.164854e-04,-4.951008e-01,2.912796e-01,5.423013e-01,2.855479e-01,9.607563e-01,-3.419560e-01,2.506590e-01,-1.142104e-01,2.704710e-01,1.624670e+00,4.856005e-01,-1.111357e+00,-5.694445e-04,1.312989e-03,0
6.367532e-04,3.114144e+00,2.336724e-01,-4.488288e+00,-1.623421e+00,-6.503555e+00,-7.395145e+00,5.197518e+00,-5.077409e+00,9.914209e-03,-2.818178e-01,-2.811771e+00,-1.092201e+00,8.194445e-03,4.251481e-01,0,-1.070443e-04,-7.628328e-01,6.958186e-01,9.770507e-01,-3.394040e-02,7.091948e-01,-9.623699e-01,-4.075132e-01,6.953292e-01,-1.095182e+00,7.522394e-01,3.417680e-01,-3.495305e-01,-1.388888e-04,-1.418913e-02,0
5.115795e-04,1.921711e+00,1.429686e+00,-2.920125e+00,-5.186569e-01,-5.355942e+00,-9.353179e+00,3.845498e+00,-4.621269e+00,-2.895203e+00,-7.718719e-01,-1.498387e+00,-7.708981e-02,8.611111e-03,3.670174e-01,0,-9.278439e-05,-1.058381e+00,6.524569e-01,1.136811e+00,-3.697553e-01,2.071833e-01,-1.801803e+00,-1.217683e+00,4.105805e-01,-2.555472e+00,4.335136e-01,5.805944e-01,-1.987497e-02,8.472224e-04,-2.480821e-02,0
4.361343e-04,9.547767e-01,2.337828e+00,-9.510705e-01,-1.350686e+00,-5.389726e+00,-1.122910e+01,2.437199e+00,-2.422175e+00,-6.176966e+00,-1.341288e+00,-1.817890e+00,-4.528211e-01,1.000000e-02,3.495540e-01,0,-7.673528e-05,-1.107769e+00,2.912277e-01,6.847367e-01,-3.013915e-01,6.841622e-02,-1.704638e+00,-1.629593e+00,-6.668102e-01,-3.098735e+00,6.234729e-01,9.306657e-01,1.112339e-01,1.833333e-03,-3.221862e-02,0
3.754662e-04,-4.659840e-01,1.830948e+00,-1.459492e+00,-2.586881e+00,-5.504498e+00,-1.424258e+01,-1.711101e-01,-6.051142e+00,-1.065498e+01,8.428779e-01,2.210615e-01,-3.056016e-01,1.277778e-02,3.184300e-01,0,-2.617960e-05,-1.422096e+00,3.196799e-01,-4.518971e-02,-8.376255e-01,3.906156e-01,-6.784639e-01,-1.376569e+00,-1.374457e+00,-1.974575e+00,5.386836e-01,8.620676e-01,-1.154346e-01,2.444444e-03,-3.578927e-02,0
3.211334e-04,-1.230851e+00,1.489180e+00,-1.794922e+00,-2.096267e+00,-6.087196e+00,-1.347364e+01,-9.421439e-01,-7.696524e+00,-1.160387e+01,2.028172e+00,9.818333e-01,-4.217758e-01,1.527778e-02,2.883486e-01,0,7.136019e-05,-1.858107e+00,1.223665e+00,-5.432313e-01,-1.286102e+00,1.652358e+00,5.461171e-01,-7.402843e-01,-1.202850e+00,8.110790e-02,-8.241228e-01,3.273048e-01,-3.478952e-01,3.013889e-03,-4.522667e-02,0
4.381819e-04,-4.095954e+00,3.452410e+00,-2.724148e+00,-4.333994e+00,-3.054129e+00,-1.162323e+01,-1.347674e+00,-8.856379e+00,-1.005462e+01,2.368164e-01,1.412089e+00,-6.697857e-01,1.819444e-02,2.186737e-01,0,2.039423e-04,-2.249261e+00,2.606674e+00,-6.640700e-01,-2.105701e+00,3.185862e+00,1.233781e+00,5.916160e-01,-3.063884e-01,2.286264e+00,-2.342153e+00,-5.693461e-01,-4.258524e-01,3.875000e-03,-3.571323e-02,0
7.615774e-04,-6.520774e+00,7.645422e+00,-3.034899e+00,-6.907637e+00,1.646878e+00,-9.808189e+00,-6.759405e-01,-7.033807e+00,-6.071606e+00,-5.158872e+00,-7.768800e-01,-2.010205e+00,2.236111e-02,1.732988e-01,0,2.454064e-04,-2.182972e+00,3.082842e+00,-4.787896e-01,-2.013043e+00,3.597994e+00,1.224618e+00,1.580299e+00,-2.848451e-01,3.103424e+00,-2.779229e+00,-1.101537e+00,-6.480440e-01,4.791667e-03,-1.315307e-02,0
1.174956e-03,-9.067326e+00,1.178620e+01,-4.159853e+00,-1.070970e+01,6.557777e+00,-9.906398e+00,2.653868e+00,-7.914442e+00,-1.989796e+00,-7.274365e+00,-1.746312e+00,-1.640649e+00,2.861111e-02,1.973888e-01,0,1.395571e-04,-1.394182e+00,2.288423e+00,-7.844684e-02,-5.033263e-01,2.256613e+00,1.409740e+00,1.891940e+00,-3.620538e-01,2.488184e+00,-1.821154e+00,-1.193545e+00,-5.459586e-01,4.666667e-03,9.745613e-03,0
1.179779e-03,-9.660028e+00,1.273650e+01,-3.471017e+00,-8.973630e+00,7.096821e+00,-8.208965e+00,4.958580e+00,-9.591718e+00,-1.191690e-01,-8.112382e+00,-2.946651e+00,-3.176564e+00,3.402778e-02,2.332258e-01,0,-5.771997e-05,-6.912287e-01,7.980494e-01,1.121264e-01,1.170018e+00,-5.082874e-02,1.807673e+00,1.130051e+00,-2.551810e-01,9.201372e-01,-7.055803e-02,-7.153904e-01,-4.966926e-01,3.652778e-03,8.795979e-03,0
9.268666e-04,-9.497236e+00,1.234899e+01,-2.898323e+00,-5.817629e+00,5.503967e+00,-5.374143e+00,5.294764e+00,-9.387692e+00,-5.899231e-01,-7.392199e+00,-3.470750e+00,-2.816399e+00,3.569445e-02,2.374383e-01,0,-1.407843e-04,-1.065704e-01,-1.745666e-01,2.085331e-01,1.909023e+00,-1.728282e+00,1.811753e+00,-2.843744e-01,4.205042e-01,-3.921936e-01,8.954838e-01,-1.013460e-01,-1.338179e-02,1.972223e-03,-1.426837e-02,0
5.970221e-04,-9.761963e+00,1.135427e+01,-3.105032e+00,-3.503585e+00,1.919639e+00,-3.035951e+00,3.653868e+00,-7.573087e+00,-2.170856e+00,-5.452745e+00,-3.491613e+00,-3.905793e+00,3.708334e-02,1.972540e-01,0,-8.927895e-05,4.598847e-01,-8.550406e-02,1.566982e-02,8.922969e-01,-2.273386e+00,5.506816e-01,-1.474339e+00,7.365234e-01,-8.833954e-01,1.283237e+00,7.961509e-01,5.676163e-01,4.305556e-04,-2.275247e-02,0
7.624126e-04,-9.549211e+00,1.160448e+01,-3.300180e+00,-3.899609e+00,5.049587e-01,-3.434142e+00,1.884353e+00,-6.821236e+00,-2.924920e+00,-4.126765e+00,-1.980561e+00,-1.342944e+00,3.694445e-02,1.440328e-01,0,-1.470686e-06,1.142334e+00,3.690496e-01,2.124748e-01,-4.268691e-01,-1.825556e+00,-8.531224e-01,-2.345934e+00,2.723539e-01,-7.346797e-01,1.055551e+00,1.551520e+00,1.108204e+00,-2.263890e-03,-1.243031e-02,0
8.156109e-04,-7.334618e+00,1.268123e+01,-3.191739e+00,-5.471156e+00,-1.770602e+00,-6.425558e+00,-7.079108e-01,-7.192329e+00,-3.368648e+00,-3.328913e+00,2.890089e-01,-1.075211e+00,3.555556e-02,1.661662e-01,0,8.289248e-06,2.014492e+00,8.175390e-01,3.797361e-01,-1.274765e+00,-1.360294e+00,-1.756490e+00,-2.644612e+00,-1.560369e-01,-4.280802e-01,4.167647e-01,1.877188e+00,1.332050e+00,-5.541667e-03,2.400291e-02,0
8.102188e-04,-4.999238e+00,1.353076e+01,-1.792595e+00,-6.968189e+00,-1.778694e+00,-7.944952e+00,-4.254019e+00,-8.216302e+00,-3.664426e+00,-3.176360e+00,2.396537e+00,1.309328e+00,2.513889e-02,1.908307e-01,0,-5.898772e-05,2.211284e+00,6.052993e-01,6.200265e-01,-1.226428e+00,-1.187683e+00,-1.506015e+00,-2.492665e+00,1.076957e-01,-2.745300e-01,-3.410043e-01,1.742836e+00,1.004235e+00,-7.861111e-03,5.734608e-02,0
6.145653e-04,-1.964488e+00,1.447883e+01,-1.960144e+00,-8.343122e+00,-3.740004e+00,-9.562995e+00,-6.500004e+00,-7.655739e+00,-3.941504e+00,-3.844124e+00,3.705776e+00,1.428322e+00,1.527778e-02,2.938696e-01,0,-4.299073e-05,1.910326e+00,-2.397214e-01,7.112331e-01,-1.423989e+00,-1.085823e+00,-4.396168e-01,-1.930444e+00,8.051327e-01,-7.455413e-01,-1.016481e+00,1.433847e+00,2.352491e-01,-7.375001e-03,6.234326e-02,0
5.679968e-04,-1.177853e+00,1.373217e+01,-8.158454e-01,-8.595766e+00,-4.448757e+00,-9.395500e+00,-7.682926e+00,-6.051053e+00,-4.011142e+00,-5.574181e+00,5.025236e+00,2.426466e+00,7.777778e-03,3.669115e-01,0,-1.311661e-05,1.224697e+00,-1.137509e+00,8.277341e-01,-1.643547e+00,-9.726860e-01,6.263500e-01,-1.096706e+00,1.112731e+00,-1.394234e+00,-5.193909e-01,1.807285e+00,-3.401582e-01,-4.263888e-03,5.583780e-02,0
7.217682e-04,3.063209e-01,1.138192e+01,-1.239487e-01,-1.177731e+01,-5.864686e+00,-7.898367e+00,-8.645680e+00,-4.249290e+00,-6.922996e+00,-7.212406e+00,6.143894e+00,-4.575340e-01,7.361111e-03,3.898420e-01,0,2.581707e-05,4.179808e-01,-1.895726e+00,8.288487e-01,-1.829786e+00,-7.333601e-01,9.898939e-01,-5.631345e-01,4.855589e-01,-1.873593e+00,1.043085e+00,2.135637e+00,-5.079379e-01,-1.166667e-03,3.093205e-02,0
6.910343e-04,-1.115505e-02,9.391669e+00,1.427978e+00,-1.346883e+01,-5.579783e+00,-5.645515e+00,-8.664711e+00,-4.355871e+00,-9.144848e+00,-4.089174e+00,1.021390e+01,5.514653e-01,7.777778e-03,4.220335e-01,0,-1.498098e-05,-8.370595e-02,-1.656154e+00,3.870767e-01,-1.225487e+00,-8.237664e-01,1.797745e-01,-1.026316e-01,-5.183068e-01,-1.335411e+00,2.355396e+00,1.950030e+00,-4.532067e-01,7.083333e-04,1.100670e-02,0
6.821319e-04,-4.579328e-01,7.170451e+00,1.062188e+00,-1.505552e+01,-6.841291e+00,-6.488518e+00,-8.824784e+00,-6.075535e+00,-1.074262e+01,6.287961e-01,1.178962e+01,-1.738667e-01,9.444444e-03,4.209689e-01,0,-7.314724e-05,-2.876567e-01,-9.062477e-01,-1.143547e-01,-1.461296e-01,-8.474010e-01,-7.475327e-01,3.515722e-01,-7.640146e-01,1.022086e-01,2.154548e+00,3.839157e-01,-3.706336e-01,8.611113e-04,-1.148955e-02,0
5.129101e-04,-1.214256e+00,7.557138e+00,5.264698e-01,-1.308410e+01,-8.079286e+00,-9.201552e+00,-8.106532e+00,-7.729464e+00,-8.778388e+00,2.282196e+00,1.195252e+01,1.859864e-02,1.027778e-02,4.063816e-01,0,-8.660946e-05,6.492285e-02,4.590664e-02,-2.869340e-01,8.260318e-01,-4.942934e-01,-8.799764e-01,1.122659e+00,-1.525518e-01,1.227618e+00,5.401393e-01,-1.379441e+00,-6.892368e-01,4.583332e-04,-4.073394e-02,0
4.450941e-04,-5.304121e-01,7.767943e+00,-2.449682e-01,-1.270032e+01,-8.851939e+00,-9.858012e+00,-7.166909e+00,-6.382566e+00,-6.595183e+00,3.746495e-01,7.194165e+00,-2.044269e+00,1.041667e-02,3.402202e-01,0,-8.160416e-05,3.985412e-01,6.911047e-01,5.627447e-03,1.002151e+00,7.783227e-02,-2.297310e-01,1.737265e+00,7.448540e-01,1.630648e+00,-4.721901e-01,-2.155602e+00,-1.024489e+00,6.944434e-05,-4.085393e-02,0
3.765059e-04,3.496989e-01,9.322456e+00,6.468858e-01,-1.051627e+01,-7.045926e+00,-8.360650e+00,-3.880353e+00,-4.965115e+00,-5.080474e+00,-1.261404e+00,5.614427e+00,-1.959517e+00,9.583333e-03,2.587381e-01,0,-4.626510e-05,2.489798e-01,7.871438e-01,3.006470e-01,4.718908e-01,8.905786e-01,1.274725e-01,2.235051e+00,1.237357e+00,9.826916e-01,4.556320e-01,-1.907843e+00,-1.364675e+00,2.777778e-04,-2.811553e-02,0
3.423132e-04,7.527954e-01,9.743315e+00,1.030117e+00,-1.132868e+01,-6.968810e+00,-8.057624e+00,-2.251547e+00,-3.733439e+00,-4.438333e+00,3.964520e-02,4.180658e+00,-4.307252e+00,1.013889e-02,2.905210e-01,0,-3.146187e-05,-3.087190e-01,5.122895e-01,1.827169e-01,-3.121061e-01,7.271427e-01,-3.568450e-01,2.026344e+00,8.439060e-01,4.263166e-01,2.114866e+00,-1.194520e+00,-1.438621e+00,8.333335e-04,-1.620370e-03,0
3.329751e-04,-6.109610e-01,1.050517e+01,1.392162e+00,-1.141047e+01,-4.567957e+00,-9.464384e+00,6.110420e-01,-2.867241e+00,-4.943355e+00,4.727858e+00,3.920056e+00,-5.673284e+00,1.180556e-02,2.906536e-01,0,-2.347458e-05,-8.115757e-01,3.178862e-01,-2.458400e-01,-7.661500e-01,6.572513e-02,-9.637328e-01,9.018892e-01,2.406151e-01,-1.465032e-01,2.315890e+00,-1.290874e+00,-7.961662e-01,1.000000e-03,-8.078843e-04,0
3.095501e-04,-1.593677e+00,9.738033e+00,2.959781e-01,-1.381376e+01,-6.455210e+00,-1.109037e+01,7.191129e-01,-3.211973e+00,-4.532159e+00,7.954348e+00,2.068752e+00,-7.380489e+00,1.347222e-02,3.161606e-01,0,-3.007254e-05,-7.580841e-01,2.363524e-01,-3.078527e-01,-2.297882e-01,-7.425789e-01,-6.338827e-01,-4.600833e-01,-3.039365e-01,-7.454969e-01,7.108833e-01,-1.350204e+00,3.639745e-01,3.888888e-04,-1.667423e-02,0
2.755145e-04,-2.534943e+00,1.091453e+01,-2.152445e-01,-1.310448e+01,-6.974100e+00,-1.166294e+01,-8.562366e-01,-4.022772e+00,-5.766077e+00,6.360695e+00,2.160101e-01,-4.403730e+00,1.291667e-02,2.418789e-01,0,-3.704703e-05,-4.009293e-01,3.366594e-01,-5.003573e-02,5.758139e-01,-1.128666e+00,4.557437e-01,-1.565546e+00,-2.558057e-01,-9.535338e-01,-1.267368e+00,-1.211292e+00,1.027294e+00,-6.388891e-04,-1.634398e-02,0
2.206808e-04,-2.075634e+00,1.072040e+01,2.945569e-01,-1.163061e+01,-9.478633e+00,-1.012776e+01,-3.818324e+00,-4.675356e+00,-7.754457e+00,2.777643e+00,-7.183390e-01,-3.122157e+00,1.152778e-02,2.315372e-01,0,-3.698467e-05,-1.400617e-01,4.049193e-01,4.142086e-01,1.573125e+00,-2.973745e-01,1.424797e+00,-1.338507e+00,3.469775e-01,-8.748642e-01,-1.486604e+00,-7.194442e-01,6.861128e-01,-1.305556e-03,-3.636502e-03,0
1.921746e-04,-2.374629e+00,1.169729e+01,1.142694e+00,-9.622970e+00,-8.699577e+00,-7.666971e+00,-4.947969e+00,-3.414578e+00,-8.099875e+00,9.793707e-01,-7.428588e-01,-2.665979e+00,9.583333e-03,2.512454e-01,0,1.452681e-05,-6.477933e-01,-8.017088e-01,2.988524e-01,1.717833e+00,1.557805e+00,1.229769e+00,-1.468065e+00,1.468289e+00,3.863665e-01,-1.802480e-01,-2.260484e-01,-4.158062e-01,-6.527778e-04,7.133363e-03,0
1.662967e-04,-2.374143e+00,1.137125e+01,1.688052e+00,-7.688885e+00,-7.079344e+00,-5.964372e+00,-3.927557e+00,-1.781183e+00,-7.739581e+00,3.211991e+00,-1.049035e+00,-4.818801e+00,8.611112e-03,2.932949e-01,0,8.654968e-05,-1.632817e+00,-2.257421e+00,-8.608695e-02,1.655820e+00,3.984793e+00,1.202231e-01,-2.197596e+00,2.553674e+00,1.521451e+00,1.142090e+00,-2.976490e-01,-1.009627e+00,1.430555e-03,-9.489024e-03,0
3.753405e-04,-5.624655e+00,6.580557e+00,5.822701e-01,-6.486179e+00,-3.847208e-01,-7.595788e+00,-8.141945e+00,1.871585e+00,-3.841682e+00,5.242281e+00,-7.488841e-01,-5.634439e+00,1.111111e-02,2.466668e-01,0,1.810617e-04,-2.605004e+00,-4.081993e+00,-1.070326e-01,1.411174e+00,5.238293e+00,-9.580387e-01,-3.029495e+00,3.340385e+00,2.089515e+00,1.040274e+00,-4.780541e-02,-2.574819e-01,4.736111e-03,-3.157335e-02,0
5.618462e-04,-8.614704e+00,1.991657e+00,1.443343e-01,-4.919908e+00,6.287901e+00,-9.562235e+00,-1.320932e+01,5.449931e+00,-2.276300e+00,6.356640e+00,-2.203571e+00,-6.686063e+00,1.791667e-02,1.863813e-01,0,1.882744e-04,-2.721567e+00,-4.245152e+00,5.173566e-01,1.808658e+00,4.556773e+00,-1.117311e+00,-2.938453e+00,3.259244e+00,1.740334e+00,1.423058e-02,3.083175e-02,1.008753e+00,7.916667e-03,-3.447660e-02,0
8.997081e-04,-1.227937e+01,-4.022883e+00,1.379390e+00,-3.951587e+00,1.080827e+01,-1.065823e+01,-1.545456e+01,9.671790e+00,-3.839408e-01,4.608415e+00,-4.046176e-01,-3.019757e+00,2.861111e-02,1.468354e-01,0,1.054584e-04,-1.797614e+00,-3.025402e+00,1.272969e+00,2.394921e+00,1.755278e+00,-4.861490e-01,-1.002767e+00,2.245186e+00,5.063025e-01,-1.011499e+00,-1.875229e-01,1.754658e+00,8.958334e-03,-1.084002e-02,0
8.454849e-04,-1.265462e+01,-4.552793e+00,3.876275e+00,8.710846e-02,1.010803e+01,-1.001971e+01,-1.496351e+01,1.061493e+01,-7.667834e-01,3.600077e+00,-1.067009e+00,-1.082378e+00,3.944445e-02,1.708276e-01,0,-2.179895e-05,-6.322963e-01,-1.493825e+00,1.210332e+00,2.713386e+00,-8.187754e-01,1.627565e-01,4.143510e-01,1.179607e+00,4.983350e-02,-5.975741e-01,-6.703578e-01,1.656147e+00,6.902778e-03,1.239779e-02,0
7.608132e-04,-1.259277e+01,-5.274229e+00,5.081148e+00,2.984916e+00,6.481607e+00,-9.797798e+00,-1.227868e+01,1.051501e+01,-2.064928e+00,1.563069e+00,-2.254780e+00,3.370106e-01,4.513889e-02,2.002436e-01,0,-1.269610e-04,4.047669e-01,-1.959468e-01,5.073644e-01,2.292611e+00,-2.527162e+00,7.029597e-01,6.594006e-01,-1.492317e-01,-6.805730e-03,6.960476e-01,-1.354616e+00,4.219915e-01,2.333333e-03,2.581684e-02,0
5.222989e-04,-1.161949e+01,-4.851798e+00,4.345114e+00,5.178770e+00,4.357354e+00,-9.178670e+00,-1.272550e+01,1.092635e+01,-1.186639e+00,4.891442e+00,-4.630279e+00,-8.370980e-02,4.416667e-02,2.216662e-01,0,-1.320889e-04,6.645696e-01,-1.224308e-02,-2.606089e-01,1.252855e+00,-2.272952e+00,1.199477e+00,3.053805e-01,-2.687159e-01,1.135655e+00,2.050832e+00,-7.404343e-01,-8.334281e-02,-1.972224e-03,1.671822e-02,0
4.264961e-04,-1.077310e+01,-4.853115e+00,3.681792e+00,4.965638e+00,1.047794e+00,-7.563953e+00,-1.327657e+01,8.769921e+00,-2.080418e-01,7.442970e+00,-5.396064e+00,-1.409133e+00,3.791666e-02,2.505004e-01,0,-1.129221e-04,7.443639e-01,2.931572e-01,-2.009528e-01,2.867396e-01,-1.271970e+00,1.670037e+00,1.452320e-01,-5.931823e-01,1.855707e+00,2.433467e+00,4.745300e-02,-7.747961e-01,-3.319445e-03,4.992871e-03,0
3.521989e-04,-1.024161e+01,-4.824565e+00,3.272908e+00,5.361021e+00,1.460176e+00,-5.139244e+00,-1.293767e+01,1.014390e+01,3.983047e+00,1.091428e+01,-3.198539e+00,-6.260197e-01,3.319444e-02,2.292903e-01,0,-7.263773e-05,5.432155e-01,3.521177e-01,9.136369e-02,-3.357991e-01,-3.675654e-01,1.088578e+00,7.916873e-01,-6.296796e-01,1.581025e+00,9.638230e-01,6.652513e-01,-1.268591e+00,-1.888889e-03,-1.370253e-03,0
2.812525e-04,-9.559887e+00,-3.822059e+00,4.612486e+00,4.327488e+00,1.570345e+00,-3.467325e+00,-1.144644e+01,7.940330e+00,4.628764e+00,1.071899e+01,-2.733385e+00,-3.265815e+00,3.402778e-02,2.213959e-01,0,-5.572805e-05,3.068400e-01,4.569712e-01,5.383852e-01,-5.382981e-01,1.770526e-01,-1.660477e-01,8.222712e-01,-8.209214e-01,2.215320e-01,-8.086635e-01,6.268548e-01,-1.127056e+00,6.527781e-04,-5.763404e-03,0
2.317320e-04,-9.510016e+00,-3.606737e+00,4.336586e+00,3.818849e+00,2.258252e+00,-5.784096e+00,-9.682128e+00,8.192752e+00,4.300086e+00,8.072549e+00,-2.635362e+00,-5.498324e+00,3.666667e-02,2.293671e-01,0,-4.132630e-05,-5.990610e-02,2.715019e-01,4.208893e-01,-3.306285e-01,1.143595e-01,-1.242911e+00,-1.525175e-01,-1.330607e+00,-1.556726e+00,-2.456142e+00,5.660713e-01,-3.154113e-01,1.902778e-03,-4.716360e-03,0
2.080893e-04,-9.604695e+00,-3.177172e+00,5.841879e+00,3.045233e+00,1.534019e+00,-8.071766e+00,-1.079298e+01,5.640889e+00,7.410993e-01,4.820521e+00,-2.543378e+00,-4.608262e+00,3.944444e-02,2.216449e-01,0,-2.955397e-05,-3.596330e-01,1.303843e-01,1.315617e-01,1.907310e-02,-3.925979e-02,-1.465378e+00,-1.281335e+00,-1.400472e+00,-2.018157e+00,-2.755815e+00,6.116315e-01,1.401690e+00,1.722222e-03,-1.374860e-02,0
1.821490e-04,-1.051873e+01,-3.789499e+00,4.762659e+00,4.349006e+00,2.050136e+00,-9.051578e+00,-1.402698e+01,4.640587e+00,-1.856749e+00,1.582807e+00,-4.631853e-01,-1.531853e+00,4.000000e-02,2.055840e-01,0,-2.053869e-05,-4.830383e-01,1.416260e-01,2.347631e-02,5.519339e-01,2.032448e-01,-8.822801e-01,-1.703291e+00,-1.447198e+00,-1.442301e+00,-2.091649e+00,3.420648e-01,2.053730e+00,1.208334e-03,-1.658013e-02,0
1.582741e-04,-1.085369e+01,-3.078757e+00,5.057258e+00,4.157775e+00,1.478104e+00,-9.160476e+00,-1.568069e+01,2.714051e+00,-2.383602e+00,1.847831e-01,-7.613158e-01,1.759398e+00,4.097222e-02,1.645445e-01,0,-1.043696e-05,-5.501108e-01,2.803026e-01,7.241239e-02,6.523876e-01,7.549311e-01,-6.765739e-01,-7.439958e-01,-6.442434e-01,-5.104793e-01,-1.016500e+00,-1.791203e-01,1.531374e+00,1.138889e-03,-9.379637e-03,0
1.539461e-04,-1.130071e+01,-2.947815e+00,4.846278e+00,6.022247e+00,3.302433e+00,-9.651141e+00,-1.575473e+01,2.420180e+00,-1.349067e+00,-6.782480e-02,-1.816070e+00,1.586494e+00,4.194444e-02,1.750167e-01,0,6.883297e-06,-5.960676e-01,2.659747e-01,5.900890e-01,2.804493e-01,1.280198e+00,-1.028268e+00,6.702282e-01,3.666723e-01,4.184673e-01,7.148723e-02,-7.988707e-01,6.937788e-01,1.569445e-03,5.861396e-03,0
1.700059e-04,-1.196426e+01,-2.196501e+00,6.162132e+00,5.470551e+00,4.682526e+00,-1.115485e+01,-1.364909e+01,3.529876e+00,-2.065138e+00,5.633370e-01,-2.762538e+00,1.489437e+00,4.416667e-02,1.900304e-01,0,2.207673e-05,-7.059097e-01,-2.992456e-02,6.680978e-01,-3.689791e-01,1.550606e+00,-1.373594e+00,1.611727e+00,1.040489e+00,1.091666e+00,1.793183e-01,-7.961736e-01,6.137431e-02,1.680556e-03,1.612908e-02,0
2.106996e-04,-1.294379e+01,-2.900753e+00,7.160667e+00,5.094865e+00,6.848917e+00,-1.319573e+01,-1.169164e+01,6.066036e+00,7.635578e-02,1.750966e+00,-3.456928e+00,2.072021e+00,4.625000e-02,2.221480e-01,0,3.821214e-05,-7.215414e-01,-4.614474e-01,4.755301e-01,-1.060210e+00,9.558539e-01,-1.942656e+00,1.833151e+00,9.195034e-01,1.904766e+00,-2.295255e-01,-8.296876e-01,1.280831e-01,1.500000e-03,2.884150e-02,0
2.402810e-04,-1.356170e+01,-3.251910e+00,7.240552e+00,2.776571e+00,7.457891e+00,-1.425615e+01,-9.653591e+00,6.093570e+00,2.362014e+00,1.719790e-01,-3.921755e+00,1.823506e+00,4.722222e-02,2.216242e-01,0,4.733402e-05,-7.583438e-01,-1.009853e+00,-4.982662e-03,-1.375553e+00,1.412009e-01,-1.941236e+00,1.380170e+00,1.652931e-01,2.152390e+00,-8.397542e-01,-6.503892e-02,3.804556e-01,1.305556e-03,3.479564e-02,0
3.098693e-04,-1.410969e+01,-4.727347e+00,6.684718e+00,2.068185e+00,6.694020e+00,-1.781377e+01,-8.586719e+00,5.735849e+00,5.961188e+00,-1.019773e+00,-5.384899e+00,2.059875e+00,4.791667e-02,3.034272e-01,0,5.609733e-05,-8.736227e-01,-1.293232e+00,-3.210591e-01,-1.284319e+00,-8.396775e-01,-1.997561e+00,5.306357e-01,-5.996153e-01,8.750615e-01,-1.055885e+00,5.721463e-01,6.813225e-01,1.430555e-03,4.459497e-02,0
3.570912e-04,-1.517303e+01,-6.332470e+00,6.375193e+00,1.061266e-01,5.465979e+00,-1.855201e+01,-8.300700e+00,4.521434e+00,5.754396e+00,-2.250064e+00,-2.123747e+00,3.397788e+00,4.986111e-02,3.233690e-01,0,5.682589e-05,-9.233487e-01,-1.410079e+00,-8.246298e-02,-7.461128e-01,-1.122678e+00,-1.589550e+00,7.002945e-02,-5.988394e-01,-4.877344e-01,-9.383729e-01,1.041492e+00,8.947911e-01,1.527778e-03,3.266319e-02,0
4.327812e-04,-1.650624e+01,-7.826633e+00,5.988051e+00,8.493543e-03,3.646487e+00,-2.103560e+01,-9.714910e+00,3.854028e+00,2.755472e+00,-2.317435e+00,-1.495201e+00,4.691493e+00,5.208333e-02,3.942505e-01,0,4.762016e-05,-7.448798e-01,-1.022037e+00,1.485761e-01,-1.547266e-01,-7.175668e-01,-7.702278e-01,3.072026e-01,-3.995090e-02,-1.268423e+00,-9.922882e-01,9.430984e-01,7.275589e-01,1.180556e-03,5.914059e-03,0
4.629545e-04,-1.698018e+01,-8.752662e+00,7.176571e+00,7.585315e-02,3.368268e+00,-2.059299e+01,-8.739348e+00,4.040284e+00,1.526200e+00,-3.871054e+00,-6.591461e-01,4.981653e+00,5.277778e-02,3.395286e-01,0,3.275634e-05,-3.167530e-01,-5.521344e-01,3.330763e-01,1.423589e-01,-1.315329e-01,-3.770031e-01,9.933941e-01,8.251541e-01,-6.758975e-01,-8.784388e-01,1.643100e-01,2.761363e-01,5.277775e-04,-1.104153e-02,0
4.950384e-04,-1.693052e+01,-8.627438e+00,7.026909e+00,1.309689e+00,4.155041e+00,-2.064443e+01,-6.831381e+00,5.776670e+00,1.733169e+00,-5.170719e+00,-1.401708e+00,4.905737e+00,5.236111e-02,3.249178e-01,0,1.232897e-05,-8.000717e-02,-1.257751e-01,2.726924e-01,6.926069e-02,6.397150e-01,5.336830e-01,1.725958e+00,1.331037e+00,5.806929e-01,-5.819577e-01,-5.994344e-03,-8.173108e-02,-1.388863e-05,-2.506166e-02,0
4.897443e-04,-1.654465e+01,-8.692740e+00,7.521145e+00,1.673236e-01,4.554037e+00,-2.063262e+01,-4.775494e+00,7.685884e+00,2.886060e+00,-5.215616e+00,-1.348943e+00,4.671348e+00,5.236111e-02,3.028277e-01,0,1.939101e-07,-1.596968e-01,2.468834e-02,-1.356644e-01,-2.301413e-01,3.722501e-01,6.324648e-01,1.523778e+00,1.164780e+00,1.074271e+00,-7.929687e-02,-3.699464e-02,-3.335423e-01,1.527775e-04,-1.474143e-02,0
4.810312e-04,-1.712404e+01,-8.485470e+00,7.179225e+00,3.090618e-01,6.252177e+00,-1.834737e+01,-3.067049e+00,8.686414e+00,4.979007e+00,-4.554943e+00,-1.180274e+00,4.437990e+00,5.222222e-02,2.872926e-01,0,-6.503428e-06,-4.439102e-01,-1.880951e-02,-9.058170e-02,-2.839254e-01,-1.028657e-01,9.953766e-01,1.118314e+00,3.259600e-01,9.022979e-01,-1.166331e-01,3.844087e-01,-4.703726e-01,4.027769e-04,-1.416306e-02,0
4.709277e-04,-1.768190e+01,-8.700204e+00,6.422091e+00,-5.745397e-01,4.180951e+00,-1.857919e+01,-3.002626e+00,8.409312e+00,5.274638e+00,-4.575427e+00,-9.548362e-01,3.547815e+00,5.361111e-02,2.846340e-01,0,-2.773988e-06,-5.659416e-01,-2.272407e-01,-1.785638e-01,-1.991798e-01,-9.212624e-01,7.308283e-01,1.051953e-01,-4.700338e-01,7.432631e-01,-3.719169e-01,6.169062e-01,-3.024469e-01,-1.388900e-05,-4.324773e-03,0
4.719296e-04,-1.858145e+01,-8.717753e+00,7.123528e+00,2.609939e-01,3.827255e+00,-1.669426e+01,-2.126248e+00,7.044756e+00,5.050370e+00,-6.073979e+00,3.232824e-01,3.115640e+00,5.375000e-02,2.631993e-01,0,3.183761e-06,-3.256208e-01,-4.170006e-01,1.846924e-01,2.385765e-03,-1.268449e+00,1.733540e-01,-5.778133e-01,-4.766964e-01,6.771094e-01,-5.491989e-01,7.849934e-01,5.189679e-02,-1.013889e-03,6.587830e-03,0
4.804252e-04,-1.864565e+01,-9.712802e+00,6.656175e+00,-8.045416e-01,1.160186e+00,-1.780503e+01,-4.719918e+00,6.156544e+00,6.566694e+00,-6.315683e+00,9.838098e-01,3.820288e+00,5.152778e-02,2.932505e-01,0,4.401983e-06,7.529888e-02,-2.232359e-01,4.951287e-01,4.274125e-01,-6.920215e-01,-4.152466e-01,-8.035778e-01,7.835355e-02,1.155345e+00,-2.770653e-02,6.213266e-01,2.381870e-01,-1.694445e-03,3.672954e-03,0
4.922012e-04,-1.827026e+01,-1.006417e+01,7.985645e+00,4.359915e-01,1.420313e+00,-1.786768e+01,-5.097469e+00,7.429316e+00,7.718526e+00,-6.430809e+00,1.775371e+00,4.561237e+00,4.819444e-02,3.159235e-01,0,-1.509779e-06,3.660954e-01,2.665707e-01,5.809106e-01,5.824668e-01,-2.851132e-01,-6.149929e-01,-4.196117e-01,4.491391e-01,1.279824e+00,6.965391e-01,4.689412e-01,2.066244e-01,-8.333329e-04,-3.434673e-03,0
4.828018e-04,-1.746100e+01,-9.143173e+00,8.466676e+00,1.475024e+00,1.924314e+00,-2.006871e+01,-5.534904e+00,8.608800e+00,9.717282e+00,-4.535544e+00,1.425753e+00,4.015952e+00,4.791667e-02,2.766367e-01,0,-8.543435e-06,2.954516e-01,7.877005e-01,6.963333e-01,8.634733e-01,6.445587e-01,3.605387e-01,4.392264e-01,1.839348e-01,1.273340e+00,1.119575e+00,5.268427e-01,-1.207167e-01,1.097223e-03,-1.969068e-02,0
4.631924e-04,-1.734330e+01,-7.669714e+00,9.122830e+00,2.033545e+00,2.019625e+00,-1.863738e+01,-3.816813e+00,8.064323e+00,9.874198e+00,-3.481353e+00,2.447017e+00,4.050931e+00,5.138889e-02,2.543329e-01,0,-1.205170e-05,-1.856880e-02,8.086308e-01,5.258036e-01,6.828827e-01,6.915033e-01,1.024132e+00,4.789700e-01,-3.391452e-01,1.406593e+00,1.402086e+00,7.292779e-01,-2.297155e-01,2.222223e-03,-1.709222e-02,0
4.522124e-04,-1.763188e+01,-6.971529e+00,9.569249e+00,2.714048e+00,4.083323e+00,-1.561749e+01,-3.164113e+00,6.758714e+00,1.185556e+01,-2.192535e+00,3.282200e+00,3.471858e+00,5.541667e-02,2.255924e-01,0,-6.995528e-06,-1.930836e-01,3.747529e-01,4.522322e-01,7.132233e-01,5.389035e-01,1.172831e+00,3.868653e-01,-1.617902e-01,1.218932e+00,9.584091e-01,4.444924e-01,-2.051949e-01,1.944444e-03,6.202364e-03,0
4.472374e-04,-1.827767e+01,-7.106842e+00,1.006338e+01,3.230893e+00,3.798325e+00,-1.497263e+01,-3.888015e+00,6.658633e+00,1.368235e+01,-5.918835e-01,4.493536e+00,3.684707e+00,5.555555e-02,2.559846e-01,0,-4.241566e-06,-4.292717e-02,-1.029732e-01,1.831503e-01,5.613194e-01,-1.294844e-02,4.087152e-01,7.969656e-02,3.159337e-02,3.086634e-01,2.694446e-01,-2.631277e-01,-2.111516e-01,2.361100e-04,2.809050e-02,0
4.558016e-04,-1.795923e+01,-7.550845e+00,1.025756e+01,4.442467e+00,3.729482e+00,-1.603693e+01,-3.564977e+00,8.502694e+00,1.390786e+01,-1.188233e+00,2.624955e+00,3.173089e+00,5.555555e-02,3.068226e-01,0,-7.029530e-06,1.348507e-01,-4.689589e-01,-3.938575e-01,2.517108e-01,-5.005354e-01,3.807679e-01,2.961371e-01,6.127160e-01,-9.831718e-01,-7.466426e-01,-5.786549e-01,2.973883e-01,-1.138889e-03,3.714137e-02,0
4.401899e-04,-1.739426e+01,-7.894923e+00,9.694425e+00,3.975933e+00,2.131804e+00,-1.638409e+01,-3.217898e+00,7.350300e+00,1.039136e+01,-2.636281e+00,1.460001e+00,3.144557e+00,5.250000e-02,3.541702e-01,0,-1.579578e-05,2.074041e-01,-5.050035e-01,-7.456609e-01,-2.928334e-01,-2.783483e-01,1.001865e+00,5.483481e-01,3.927602e-01,-2.047311e+00,-1.295318e+00,-4.542578e-01,5.100663e-01,-1.569444e-03,1.575773e-02,0
4.205885e-04,-1.739933e+01,-8.922283e+00,7.784438e+00,3.600082e+00,2.413907e+00,-1.300792e+01,-2.018486e+00,9.476460e+00,8.585194e+00,-4.903550e+00,1.905693e+00,5.228874e+00,5.125000e-02,3.622064e-01,0,-2.166367e-05,-4.184093e-02,-4.176985e-01,-7.445003e-01,-8.856903e-01,-8.949216e-02,1.045903e+00,3.923106e-01,1.167439e-01,-2.108470e+00,-1.215335e+00,-3.339714e-01,4.483754e-01,-1.208333e-03,-1.653727e-02,0
3.858651e-04,-1.752060e+01,-8.946140e+00,7.571635e+00,2.187918e+00,3.064371e+00,-1.147781e+01,-1.919520e+00,8.135550e+00,6.107134e+00,-5.210817e+00,2.581879e+00,5.207146e+00,4.986111e-02,3.070813e-01,0,-1.692686e-05,-1.422424e-01,-1.881189e-01,-2.300638e-01,-1.011353e+00,5.254896e-02,3.010360e-01,2.702394e-01,-3.287331e-01,-1.419578e+00,-1.034440e+00,-1.069713e+00,-7.868667e-02,-2.361104e-04,-2.603450e-02,0
3.746457e-04,-1.810527e+01,-9.113729e+00,7.596457e+00,9.080226e-01,2.815738e+00,-1.326055e+01,-2.252614e+00,8.693789e+00,5.507627e+00,-5.977642e+00,3.941590e-01,4.383672e+00,5.083333e-02,2.476807e-01,0,-1.258776e-05,-2.714005e-02,9.206686e-02,3.574652e-01,-5.645162e-01,-1.486835e-01,-8.440852e-01,-6.494153e-02,-1.067448e+00,-8.009278e-01,-3.522426e-01,-1.699828e+00,-7.267252e-01,1.944453e-04,-1.576086e-02,0
3.785271e-04,-1.775250e+01,-8.739795e+00,8.638096e+00,2.651968e-01,2.193633e+00,-1.475259e+01,-1.749638e+00,6.097971e+00,4.832256e+00,-7.271434e+00,-3.132799e+00,3.173725e+00,5.152778e-02,2.812606e-01,0,-1.410986e-05,2.074995e-01,3.487874e-01,5.346803e-01,2.039382e-01,-2.545956e-01,-9.176286e-01,-3.804052e-02,-9.714947e-01,1.157761e-04,2.632826e-01,-1.485299e+00,-1.273365e+00,5.277786e-04,5.993637e-03,0
3.613187e-04,-1.741908e+01,-8.565122e+00,9.038533e+00,1.738862e+00,2.105858e+00,-1.559095e+01,-2.428134e+00,5.158008e+00,5.217994e+00,-5.634454e+00,-3.736108e+00,2.611959e+00,5.138889e-02,2.963125e-01,0,-2.516494e-05,2.881094e-01,4.840748e-01,3.816480e-01,5.701770e-01,-2.535621e-01,-2.926768e-01,-3.588245e-01,-4.928554e-01,4.352862e-01,1.332034e+00,-1.686774e-01,-1.659778e+00,1.069445e-03,3.721833e-03,0
3.219793e-04,-1.682619e+01,-7.476507e+00,9.523998e+00,2.792190e+00,2.146333e+00,-1.490075e+01,-2.021962e+00,5.045967e+00,6.252529e+00,-4.065998e+00,-2.779482e+00,-2.738247e-01,5.222222e-02,3.127336e-01,0,-3.367908e-05,2.277077e-01,5.187153e-01,-7.913075e-02,1.063887e-01,-3.899575e-01,-8.102608e-03,-7.078232e-01,4.749385e-01,5.088166e-01,1.473839e+00,6.319855e-01,-1.468009e+00,1.777777e-03,-1.349743e-02,0
2.770949e-04,-1.712787e+01,-7.324998e+00,9.061746e+00,2.495411e+00,1.571578e+00,-1.464986e+01,-3.910574e+00,6.755514e+00,6.973921e+00,-9.201915e-01,-6.258866e-01,-2.191444e+00,5.583334e-02,2.505534e-01,0,-3.247336e-05,2.286263e-01,3.279329e-01,-4.065292e-01,-6.532520e-01,-7.406743e-01,-6.744137e-02,-9.676512e-01,6.009460e-01,3.733595e-01,1.013308e+00,6.065405e-01,-3.206312e-01,1.375000e-03,-2.072244e-02,0
2.522436e-04,-1.675957e+01,-6.766280e+00,8.230836e+00,4.188656e-01,5.109858e-01,-1.526365e+01,-4.547534e+00,7.673911e+00,6.498375e+00,-2.259373e+00,-1.527982e+00,-1.764618e+00,5.819444e-02,2.366530e-01,0,-2.380096e-05,4.374441e-01,7.683611e-02,-4.857431e-01,-7.970347e-01,-9.327687e-01,-1.077737e-01,-8.493553e-01,1.893172e-01,-2.137079e-02,-7.150244e-02,2.412319e-01,1.519661e+00,-7.777769e-04,-1.726985e-02,0
2.338198e-04,-1.630926e+01,-7.280571e+00,7.652468e+00,-3.407364e-01,-7.798398e-01,-1.574671e+01,-6.003604e+00,6.848766e+00,6.961869e+00,-1.471226e+00,-1.329155e+00,1.754199e+00,5.527778e-02,2.307406e-01,0,-1.591985e-05,6.911981e-01,-9.871926e-02,-3.766149e-01,-3.100224e-02,-5.227258e-01,2.489047e-01,-1.492486e-01,3.709970e-02,4.896450e-02,-1.058621e+00,9.898489e-02,2.421962e+00,-3.458333e-03,1.674947e-03,0
2.246120e-04,-1.504828e+01,-7.114540e+00,7.799922e+00,2.250899e-01,-1.341802e+00,-1.489119e+01,-5.222223e+00,5.945927e+00,6.151701e+00,-4.147993e+00,-1.221688e+00,5.351656e+00,4.861112e-02,2.362907e-01,0,-1.442652e-05,7.600483e-01,3.972535e-02,-4.031337e-01,7.426680e-01,-2.944229e-02,8.847621e-01,1.349176e-01,3.513162e-01,3.738179e-01,-1.481463e+00,2.356685e-01,2.261966e+00,-4.361111e-03,1.437910e-02,0
2.113114e-04,-1.452753e+01,-7.644464e+00,7.394128e+00,2.437288e+00,-1.156574e-01,-1.359156e+01,-4.319472e+00,7.805004e+00,7.392081e+00,-5.268986e+00,-2.841092e-01,6.360230e+00,4.333334e-02,2.591092e-01,0,-1.676423e-05,7.041289e-01,5.247658e-01,-4.064959e-01,1.019516e+00,2.226048e-01,8.907906e-01,6.902406e-01,8.706454e-01,3.048313e-01,-2.089966e+00,-4.498002e-01,1.139382e+00,-2.708334e-03,2.064310e-02,0
1.913652e-04,-1.385019e+01,-6.385706e+00,6.344337e+00,2.743194e+00,3.168313e-02,-1.191742e+01,-4.715012e+00,8.952373e+00,8.152359e+00,-7.767807e+00,-8.721625e-01,7.242194e+00,4.236111e-02,2.943642e-01,0,-2.077047e-05,4.335141e-01,9.008295e-01,-5.156403e-01,7.480555e-01,5.230949e-02,4.047513e-01,6.754287e-01,4.596461e-01,-1.187434e-01,-1.715243e+00,-1.011747e+00,1.499036e-01,-3.750008e-04,1.080076e-02,0
1.666220e-04,-1.338766e+01,-5.021158e+00,6.347781e+00,3.497791e+00,-3.535585e-01,-1.277965e+01,-2.806007e+00,9.698771e+00,7.485696e+00,-1.011115e+01,-3.752918e+00,6.505843e+00,4.486111e-02,3.049194e-01,0,-1.924421e-05,1.112034e-01,1.173453e+00,-4.047689e-01,5.781800e-01,-4.227434e-01,-2.958778e-01,7.501463e-01,-6.415845e-01,-6.974386e-01,-1.191899e+00,-9.599990e-01,-3.983104e-01,1.694444e-03,-1.297776e-02,0
1.431044e-04,-1.345064e+01,-3.922046e+00,5.744894e+00,3.435116e+00,-9.613042e-01,-1.327340e+01,-2.601812e+00,7.297274e+00,5.511177e+00,-1.030312e+01,-4.546019e+00,6.028368e+00,4.597222e-02,2.673894e-01,0,-1.236316e-05,-3.896512e-01,9.614289e-01,-6.016508e-01,6.380662e-01,-3.067146e-01,-5.591744e-01,6.883000e-01,-1.518162e+00,-1.378253e-01,1.506341e-01,4.771857e-01,-5.815096e-01,2.347223e-03,-3.443425e-02,0
1.392208e-04,-1.417128e+01,-3.009029e+00,5.670006e+00,4.982227e+00,-1.732881e+00,-1.439296e+01,-1.625341e+00,5.424631e+00,5.225479e+00,-9.960820e+00,-3.247176e+00,4.975591e+00,5.000000e-02,2.077078e-01,0,-5.630382e-06,-7.215538e-01,7.032689e-01,-7.019125e-01,7.460793e-01,-2.511725e-01,1.519108e-02,6.423804e-01,-8.596271e-01,1.182391e+00,1.542255e+00,2.325783e+00,-2.766245e-01,2.416666e-03,-3.642109e-02,0
1.432500e-04,-1.540663e+01,-2.584626e+00,3.674971e+00,5.191307e+00,-8.122289e-01,-1.390663e+01,-1.863845e+00,3.498633e+00,8.593341e+00,-7.089801e+00,1.260895e+00,5.099771e+00,5.152778e-02,1.707987e-01,0,-4.365051e-06,-7.298158e-01,3.478627e-01,-6.702397e-01,5.871423e-01,-2.313409e-01,8.082640e-01,1.106314e+00,1.085443e+00,1.873383e+00,2.369239e+00,2.917069e+00,8.626761e-02,2.277777e-03,-2.529856e-02,0
1.383973e-04,-1.601743e+01,-2.173524e+00,3.873180e+00,6.350091e+00,-1.683959e+00,-1.238707e+01,3.691101e-02,7.299955e+00,1.185657e+01,-4.006536e+00,4.972539e+00,5.587018e+00,5.416666e-02,1.711093e-01,0,-9.999179e-06,-4.361154e-01,2.045732e-01,-2.965145e-01,3.389200e-01,-1.620858e-01,1.907389e+00,1.544465e+00,2.456321e+00,1.164143e+00,2.183205e+00,1.651052e+00,3.655381e-02,2.208333e-03,-9.913007e-03,0
1.216909e-04,-1.617665e+01,-2.600485e+00,3.292109e+00,5.686895e+00,-2.142470e+00,-1.023502e+01,2.098634e+00,1.178683e+01,1.156255e+01,-1.434072e+00,5.929468e+00,6.153992e+00,5.527778e-02,1.591959e-01,0,-1.386960e-05,-1.957190e-01,1.972543e-01,2.279670e-02,5.740128e-02,-1.729429e-01,1.945180e+00,1.078487e+00,2.110198e+00,-5.584734e-01,3.329218e-01,-8.719490e-01,-4.323382e-01,3.250000e-03,-3.913940e-03,0
1.000045e-04,-1.596685e+01,-1.978233e+00,4.378864e+00,6.429033e+00,-1.878189e+00,-6.691822e+00,4.115747e+00,1.356214e+01,9.561590e+00,-1.872657e+00,2.673797e+00,4.631249e+00,5.916667e-02,1.639442e-01,0,-1.303738e-05,-9.372063e-02,2.969241e-01,5.896363e-02,-3.127613e-02,7.034202e-01,1.664015e+00,2.420256e-02,1.551826e-01,-1.874906e+00,-1.371488e+00,-2.499044e+00,-6.461310e-01,4.305555e-03,3.435761e-05,0
9.309843e-05,-1.641052e+01,-1.696000e+00,3.536112e+00,5.438842e+00,-1.579828e+00,-7.028360e+00,1.489171e+00,1.091853e+01,6.948463e+00,-6.492132e+00,-1.949479e+00,3.415965e+00,6.527778e-02,1.548116e-01,0,-8.556238e-06,-7.289181e-02,4.113117e-01,-1.783056e-02,8.413200e-02,1.440967e+00,8.677505e-01,-1.306327e+00,-1.567733e+00,-2.264240e+00,-1.924698e+00,-2.089535e+00,-2.998014e-01,4.625000e-03,4.461117e-03,0
8.750664e-05,-1.636910e+01,-1.141146e+00,4.045996e+00,6.317737e+00,1.551821e+00,-5.670329e+00,4.626552e-01,8.510016e+00,4.789080e+00,-8.334949e+00,-3.583207e+00,3.725377e+00,7.069444e-02,1.734733e-01,0,-4.263906e-06,-4.175510e-02,5.300831e-01,-2.250952e-01,-8.831759e-02,1.829354e+00,3.345881e-01,-1.392169e+00,-2.017426e+00,-1.801520e+00,-1.023248e+00,-5.784962e-01,3.082634e-01,3.763889e-03,4.775062e-04,0
8.515857e-05,-1.633998e+01,-9.624704e-01,3.369390e+00,6.163203e+00,3.347363e+00,-6.407013e+00,-2.606453e+00,6.474224e+00,2.627602e+00,-7.826418e+00,-1.389704e+00,5.107921e+00,7.263889e-02,1.767370e-01,0,-2.983987e-06,4.937897e-02,6.474439e-01,4.087808e-02,4.414024e-02,1.498956e+00,-1.517787e-01,-8.747525e-01,-2.128135e+00,-1.856061e+00,-3.283838e-01,3.630842e-01,2.508041e-01,1.555556e-03,-4.396686e-03,0
8.265485e-05,-1.621090e+01,3.054177e-01,3.336749e+00,5.625265e+00,4.804986e+00,-5.329555e+00,-7.972872e-01,5.697166e+00,2.714422e+00,-6.321756e+00,-4.985720e-01,5.326588e+00,7.430556e-02,1.553690e-01,0,1.193261e-05,4.543323e-02,1.117501e+00,2.530178e-01,-9.091244e-01,6.347396e-01,-1.780682e+00,-2.440408e-01,-2.166447e+00,-1.321880e+00,-8.704842e-01,2.223836e-01,-4.173566e-01,-1.277778e-03,-1.177442e-02,0
8.060439e-05,-1.624273e+01,8.179381e-01,4.095126e+00,6.005780e+00,4.288368e+00,-7.957640e+00,-2.254621e+00,1.684282e+00,-1.294514e+00,-9.140647e+00,-1.676376e+00,3.869380e+00,7.125000e-02,1.418803e-01,0,4.226014e-05,1.442478e-01,1.749234e+00,7.914513e-01,-1.983054e+00,-1.493441e-01,-3.529140e+00,5.851518e-01,-2.190954e+00,-9.965950e-01,-1.602471e+00,6.501373e-02,-7.561107e-01,-4.541668e-03,-8.273477e-03,0
1.494468e-04,-1.619056e+01,3.556156e+00,4.948217e+00,1.850827e+00,4.255017e+00,-1.379843e+01,-9.334650e-01,7.275359e-02,1.407363e-01,-1.203026e+01,-2.327953e+00,2.257865e+00,6.500000e-02,1.320295e-01,0,8.160651e-05,5.166062e-01,2.146421e+00,1.270410e+00,-2.992472e+00,-1.106255e+00,-5.454442e+00,7.590204e-01,-1.560435e+00,-1.361275e-01,-1.631366e+00,5.922546e-01,-5.896047e-01,-7.805556e-03,3.414214e-04,0
2.630633e-04,-1.562891e+01,6.158331e+00,6.520913e+00,-1.864848e+00,2.875627e+00,-1.981828e+01,3.873946e-01,-1.668340e+00,-1.068530e+00,-1.298452e+01,-1.499444e-01,2.861729e+00,5.458333e-02,1.470393e-01,0,2.680972e-04,1.089140e+00,1.571372e+00,2.032862e+00,-3.496150e+00,-1.946423e+00,-6.379303e+00,1.266252e+00,-8.982085e-01,7.297405e-01,-6.937923e-01,1.385708e+00,-1.988952e-01,-9.861111e-03,2.151142e-02,0
3.994580e-04,-1.393477e+01,8.367325e+00,8.475905e+00,-5.401779e+00,-1.991749e-02,-2.667144e+01,1.676807e+00,-4.286967e-01,1.920792e+00,-1.255665e+01,1.699486e+00,2.882390e+00,4.361111e-02,1.544966e-01,0,5.482964e-04,1.477684e+00,1.121648e-01,2.742063e+00,-2.764791e+00,-2.435678e+00,-6.353166e+00,8.788923e-01,-1.011755e+00,5.820054e-01,-1.197131e-01,1.713037e+00,-3.325660e-01,-9.694443e-03,4.438030e-02,0
1.296085e-03,-1.192492e+01,6.269215e+00,1.249559e+01,-7.848665e+00,-3.306282e+00,-3.341765e+01,2.771505e+00,-2.556036e+00,1.464160e+00,-1.234641e+01,3.238445e+00,2.562641e+00,3.263889e-02,2.382038e-01,0,8.542625e-04,1.266899e+00,-1.335174e+00,2.812287e+00,-2.157704e+00,-2.145554e+00,-5.521343e+00,7.028924e-01,-1.372452e+00,6.483060e-01,3.574208e-01,1.617337e+00,-7.511498e-01,-7.388887e-03,5.730409e-02,0
2.374418e-03,-1.065414e+01,4.061538e+00,1.567119e+01,-8.981220e+00,-4.832419e+00,-3.876457e+01,2.268942e+00,-4.542171e+00,1.784418e+00,-1.294788e+01,4.543039e+00,7.445790e-01,2.750000e-02,3.083488e-01,0,8.911265e-04,6.766505e-01,-2.105798e+00,2.285980e+00,-1.166273e+00,-1.769747e+00,-3.656694e+00,3.435324e-01,-1.598482e+00,-5.787133e-01,9.405141e-01,1.155761e+00,-9.286122e-01,-3.722222e-03,4.768945e-02,0
3.546895e-03,-1.093473e+01,1.635354e+00,1.698470e+01,-1.086365e+01,-5.445892e+00,-4.137843e+01,3.605789e+00,-6.473866e+00,2.241186e+00,-1.100180e+01,6.514964e+00,1.748856e-01,2.569444e-02,3.566337e-01,0,6.011216e-04,2.304625e-01,-1.923518e+00,1.572795e+00,3.242731e-02,-1.834052e+00,-1.466063e+00,-1.737588e-01,-7.050737e-01,-1.586354e+00,1.906443e+00,4.616528e-01,-9.560324e-01,-1.430556e-03,2.080623e-02,0
3.729685e-03,-1.104661e+01,1.552650e-01,1.766125e+01,-9.725654e+00,-7.798848e+00,-4.097452e+01,2.977327e+00,-6.462193e+00,-1.361287e+00,-8.526380e+00,5.840031e+00,-5.667932e-01,2.847222e-02,3.337289e-01,0,1.545270e-04,2.019170e-01,-1.610829e+00,1.303764e+00,1.138930e+00,-2.313843e+00,3.781776e-01,-9.093273e-01,2.087478e-01,-2.724509e+00,2.420249e+00,-3.262199e-01,-1.002103e+00,-1.041667e-03,4.957187e-03,0
3.624059e-03,-1.057637e+01,-1.395240e+00,1.936454e+01,-7.314312e+00,-1.099333e+01,-3.964299e+01,1.548518e+00,-5.121393e+00,-4.894754e+00,-5.024946e+00,4.898212e+00,-1.561835e+00,2.500000e-02,3.295449e-01,0,-2.729814e-04,3.923672e-01,-1.129426e+00,1.211583e+00,2.003412e+00,-2.681061e+00,1.754617e+00,-1.743192e+00,1.241921e+00,-2.369699e+00,1.939985e+00,-1.311619e+00,-1.595806e+00,-1.444444e-03,-1.240471e-03,0
3.108472e-03,-9.823737e+00,-2.477309e+00,2.100010e+01,-5.061240e+00,-1.362792e+01,-3.774140e+01,-1.249060e+00,-4.174669e+00,-8.270154e+00,-3.835062e+00,3.720315e+00,-3.397576e+00,2.263889e-02,3.466791e-01,0,-4.861339e-04,5.014127e-01,-7.007352e-01,8.099878e-01,1.696991e+00,-2.407111e+00,2.502866e+00,-1.629976e+00,9.231411e-01,-9.679685e-01,9.360941e-01,-1.844121e+00,-1.699168e+00,-1.277777e-03,3.502101e-04,0
2.492595e-03,-9.584334e+00,-2.695488e+00,2.137319e+01,-3.178793e+00,-1.593666e+01,-3.422190e+01,-2.996979e+00,-1.408021e+00,-6.152874e+00,-3.647540e+00,1.016727e+00,-6.388752e+00,2.138889e-02,3.439562e-01,0,-5.583180e-04,4.115576e-01,-3.461825e-01,5.782242e-02,9.868189e-01,-1.838380e+00,2.762816e+00,-8.756827e-01,-5.052326e-02,3.317993e-01,3.397905e-01,-2.088288e+00,-1.555681e+00,1.805559e-04,-7.694280e-03,0
1.864748e-03,-9.035569e+00,-2.698287e+00,2.070686e+01,-3.308460e+00,-1.736273e+01,-3.117073e+01,-2.899802e+00,-3.703174e+00,-5.572070e+00,-4.534612e+00,-1.439831e+00,-6.649172e+00,2.388889e-02,3.282743e-01,0,-4.648170e-04,4.129645e-01,-4.087973e-02,-5.161026e-01,5.388640e-01,-1.494218e+00,2.151088e+00,-7.914541e-02,-1.037112e+00,9.859114e-01,6.309701e-01,-1.450215e+00,-8.828989e-01,9.722225e-04,-1.062812e-02,0
1.454331e-03,-8.912666e+00,-3.015664e+00,1.980027e+01,-3.256608e+00,-1.831782e+01,-2.911424e+01,-2.004524e+00,-5.609757e+00,-4.584800e+00,-2.976218e+00,-2.963153e+00,-7.714442e+00,2.527778e-02,3.002759e-01,0,-3.170697e-04,5.678508e-01,-7.770252e-03,-9.046093e-01,2.912069e-01,-8.129064e-01,9.809898e-01,3.028355e-02,-1.467213e+00,7.274721e-01,1.117676e+00,-7.615352e-01,-1.869796e-01,5.277779e-04,-1.953155e-03,0
1.303519e-03,-8.094748e+00,-2.521620e+00,1.920605e+01,-2.328013e+00,-1.990843e+01,-2.953979e+01,-2.141014e+00,-7.259361e+00,-4.124634e+00,-1.015872e+00,-1.540822e+00,-7.149226e+00,2.555556e-02,3.153787e-01,0,-1.409485e-04,8.952076e-01,-8.820064e-02,-1.179019e+00,1.744689e-01,3.067761e-02,1.803581e-01,-7.191871e-01,-1.002967e+00,8.193551e-01,1.042882e+00,-4.999518e-01,2.775523e-01,-1.208334e-03,2.066891e-02,0
1.187861e-03,-7.215491e+00,-2.822673e+00,1.760055e+01,-2.212982e+00,-1.872835e+01,-3.013243e+01,-3.224955e+00,-6.965994e+00,-3.239231e+00,1.814694e-01,-2.740454e+00,-7.073623e+00,2.319445e-02,3.406383e-01,0,2.043588e-05,1.364241e+00,-4.760370e-01,-1.488028e+00,-7.020650e-02,1.205240e+00,-1.469171e-01,-1.852404e+00,-1.098542e+00,4.283831e-01,1.074616e-01,-8.855168e-01,8.535578e-01,-2.972223e-03,4.252487e-02,0
1.293240e-03,-5.408119e+00,-3.235786e+00,1.591162e+01,-2.957928e+00,-1.700408e+01,-2.975985e+01,-5.885523e+00,-8.039891e+00,-2.148079e+00,-8.990436e-01,-4.050940e+00,-5.581820e+00,1.888889e-02,4.114376e-01,0,1.918385e-04,1.689800e+00,-1.166407e+00,-1.382149e+00,-1.943199e-01,1.818782e+00,-5.113411e-02,-2.779930e+00,-1.053663e+00,4.959961e-01,-1.139867e+00,-1.280592e+00,9.170387e-01,-3.916667e-03,6.128479e-02,0
1.561650e-03,-3.434775e+00,-5.038766e+00,1.400734e+01,-3.292683e+00,-1.374379e+01,-2.973880e+01,-9.394288e+00,-1.071220e+01,-3.431163e+00,-2.497324e+00,-6.135677e+00,-4.230356e+00,1.375000e-02,4.648708e-01,0,3.993452e-04,1.671446e+00,-1.550652e+00,-5.555164e-01,-2.009270e-02,1.342458e+00,-4.698816e-01,-2.603333e+00,-6.474287e-01,3.386177e-01,-2.125501e+00,-7.556522e-01,1.173291e+00,-3.236111e-03,7.030468e-02,1.295547e+01
2.075817e-03,-1.536106e+00,-7.245607e+00,1.409191e+01,-2.759762e+00,-1.330680e+01,-2.999228e+01,-1.295600e+01,-1.065457e+01,-1.548688e+00,-5.375811e+00,-6.246171e+00,-3.985666e+00,1.069444e-02,5.596864e-01,0,5.830411e-04,1.175033e+00,-1.541477e+00,6.217783e-01,1.723147e-01,3.505093e-01,-9.614264e-01,-1.478791e+00,7.261881e-01,3.155321e-02,-2.927828e+00,2.311052e-01,1.389546e+00,-1.541667e-03,6.835391e-02,3.242824e+01
2.793299e-03,-7.942656e-01,-8.571021e+00,1.573283e+01,-2.412528e+00,-1.386470e+01,-3.236562e+01,-1.270638e+01,-8.895797e+00,-1.845838e+00,-8.207652e+00,-5.421099e+00,-2.005243e+00,1.111111e-02,6.180373e-01,6.477733e+01,7.182725e-04,4.223612e-01,-1.082267e+00,1.611627e+00,1.633118e-01,-4.860405e-01,-1.450491e+00,-1.416956e-01,2.037931e+00,-6.468883e-01,-3.414567e+00,1.468331e+00,1.295982e+00,1.805560e-04,5.712005e-02,5.192081e+01
3.592621e-03,-8.532073e-01,-9.177043e+00,1.815777e+01,-2.536431e+00,-1.519108e+01,-3.325357e+01,-1.162343e+01,-5.317153e+00,-2.782975e+00,-1.268302e+01,-3.252703e+00,2.533552e-01,1.250000e-02,6.766239e-01,1.297525e+02,7.230017e-04,-2.042432e-01,-5.269650e-01,1.946685e+00,1.602225e-01,-4.388412e-01,-1.457238e+00,5.810379e-01,2.254494e+00,-1.449991e+00,-3.050583e+00,2.273156e+00,7.858181e-01,9.027778e-04,3.627064e-02,5.199348e+01
4.394610e-03,-1.664418e+00,-9.484382e+00,2.003255e+01,-2.587789e+00,-1.523185e+01,-3.536061e+01,-1.076905e+01,-3.191257e+00,-6.048460e+00,-1.591655e+01,-2.907588e-01,1.300416e-01,1.375000e-02,6.920023e-01,1.947278e+02,5.729737e-04,-5.338486e-01,-1.880932e-03,1.783598e+00,-7.322623e-02,-2.389438e-01,-9.464222e-01,1.996150e-01,1.511496e+00,-1.116581e+00,-1.907682e+00,2.291420e+00,-4.452895e-01,7.222223e-04,1.858237e-02,3.265988e+01
4.890169e-03,-2.122246e+00,-9.423752e+00,2.167548e+01,-1.871019e+00,-1.481742e+01,-3.578097e+01,-1.101947e+01,-2.234370e+00,-6.697334e+00,-1.677427e+01,2.554440e+00,-1.124218e+00,1.388889e-02,7.040570e-01,1.949922e+02,3.541113e-04,-6.085479e-01,5.383638e-01,1.615608e+00,-4.607028e-01,-1.259137e-01,-5.912952e-01,-4.681988e-01,6.721038e-01,-4.134178e-02,-2.157155e-01,1.487460e+00,-1.487878e+00,1.944442e-04,-6.617325e-03,1.341512e+01
5.009393e-03,-2.828989e+00,-8.457071e+00,2.289197e+01,-3.111366e+00,-1.524625e+01,-3.583403e+01,-1.201028e+01,-2.879708e+00,-5.471564e+00,-1.570043e+01,3.132428e+00,-3.542904e+00,1.402778e-02,6.972325e-01,1.954569e+02,8.778340e-05,-5.612615e-01,9.993687e-01,1.453854e+00,-8.862208e-01,-8.897581e-02,-7.950020e-02,-1.157392e+00,2.047373e-01,1.068352e+00,8.758115e-01,3.230286e-01,-1.806429e+00,-2.777778e-04,-2.830596e-02,-1.251404e+01
5.055787e-03,-3.313661e+00,-6.998879e+00,2.480610e+01,-4.578157e+00,-1.581345e+01,-3.597334e+01,-1.334381e+01,-2.112408e+00,-3.278132e+00,-1.386966e+01,2.473006e+00,-5.349562e+00,1.333333e-02,6.409221e-01,1.964636e+02,-1.503933e-04,-4.979524e-01,1.154053e+00,1.318287e+00,-7.191874e-01,5.189171e-02,1.665009e-01,-1.273842e+00,-1.280355e-01,9.769664e-01,1.483235e+00,-5.688298e-01,-1.910969e+00,-6.111109e-04,-4.353053e-02,-3.220555e+01
4.750719e-03,-3.875018e+00,-5.699975e+00,2.573651e+01,-5.665324e+00,-1.517872e+01,-3.566193e+01,-1.539384e+01,-2.228551e+00,-2.416301e+00,-1.298980e+01,1.365101e+00,-6.789432e+00,1.263889e-02,5.820400e-01,1.314219e+02,-4.138657e-04,-3.125980e-01,9.972194e-01,1.053819e+00,3.129784e-01,1.708456e-01,7.134517e-01,-6.717541e-01,-4.821247e-01,4.075295e-01,1.329718e+00,-1.276065e+00,-1.718755e+00,-8.750001e-04,-4.016763e-02,-5.213955e+01
4.267540e-03,-4.088994e+00,-5.032032e+00,2.684464e+01,-4.189977e+00,-1.459173e+01,-3.503452e+01,-1.569690e+01,-3.200127e+00,-3.340134e+00,-1.071341e+01,5.939544e-01,-9.055797e+00,1.152778e-02,5.440007e-01,6.598191e+01,-6.626711e-04,-1.145623e-01,6.240488e-01,5.143067e-01,1.394782e+00,-2.999390e-01,1.813350e+00,4.042372e-01,-6.409481e-01,2.813105e-01,8.583935e-01,-2.130641e+00,-1.476450e+00,-7.083333e-04,-2.388343e-02,-5.243490e+01
3.334188e-03,-4.004313e+00,-4.454398e+00,2.714179e+01,-1.740563e+00,-1.500288e+01,-3.273618e+01,-1.419251e+01,-4.746473e+00,-3.402915e+00,-1.062996e+01,-2.308371e+00,-1.028356e+01,1.055556e-02,5.448551e-01,0,-7.452091e-04,-9.869099e-03,6.992378e-02,5.901546e-02,1.968366e+00,-1.273975e+00,2.724633e+00,1.288636e+00,6.193418e-02,6.260036e-01,9.625988e-02,-2.249734e+00,-1.053171e+00,1.805553e-04,-8.527160e-03,-3.288256e+01
2.450696e-03,-3.821825e+00,-4.501423e+00,2.667499e+01,4.333746e-01,-1.740107e+01,-2.836946e+01,-1.192329e+01,-4.058188e+00,-1.378272e+00,-1.075761e+01,-6.343462e+00,-1.098475e+01,1.083333e-02,5.400974e-01,0,-6.449518e-04,-2.850342e-02,-6.067809e-01,-4.395986e-01,1.892775e+00,-1.948141e+00,3.171506e+00,1.118194e+00,7.796440e-01,5.452966e-01,-4.868693e-01,-1.318359e+00,-2.561785e-01,1.472222e-03,5.203664e-04,5.413513e-02
1.933095e-03,-4.057948e+00,-5.615660e+00,2.611641e+01,1.864830e+00,-2.014392e+01,-2.537129e+01,-1.083747e+01,-1.489850e+00,-2.672136e-01,-1.248641e+01,-6.414862e+00,-1.109081e+01,1.388889e-02,5.413558e-01,0,-3.772619e-04,-4.715169e-01,-6.081668e-01,-9.593355e-01,1.564229e+00,-1.688432e+00,1.705214e+00,5.758234e-01,8.262204e-01,-6.620663e-02,-3.881500e-01,3.527098e-01,4.363891e-01,2.750000e-03,2.465856e-03,3.377376e+01
1.743328e-03,-4.204693e+00,-7.485306e+00,2.515934e+01,3.471202e+00,-2.176192e+01,-2.285943e+01,-1.178345e+01,-9.302182e-01,-2.181502e+00,-1.221954e+01,-3.944593e+00,-9.933064e+00,1.722222e-02,5.483522e-01,6.625259e+01,-9.474903e-06,-1.437835e+00,5.152252e-01,-1.778683e+00,7.958862e-01,1.223373e-03,-5.865275e-01,4.097649e-01,-4.633970e-02,-9.309845e-01,-8.317232e-02,1.346226e+00,1.551724e+00,4.000000e-03,-1.751911e-02,4.072276e+01
1.801562e-03,-6.170464e+00,-6.003290e+00,2.310294e+01,4.561667e+00,-2.126462e+01,-2.696512e+01,-1.138331e+01,-2.179356e+00,-3.332334e+00,-1.183975e+01,-1.744256e+00,-8.627458e+00,2.111111e-02,5.530570e-01,1.357425e+02,2.702098e-04,-2.604986e+00,2.272849e+00,-2.653965e+00,-2.552361e-01,1.896077e+00,-2.856405e+00,7.962112e-01,-7.465040e-01,-7.203943e-01,7.780796e-01,1.410941e+00,2.599248e+00,5.277778e-03,-4.889605e-02,2.084698e+01
2.469088e-03,-9.954741e+00,-1.731482e+00,1.928831e+01,3.064387e+00,-1.683460e+01,-3.050518e+01,-9.601546e+00,-3.945133e+00,-4.500635e+00,-1.149680e+01,-1.947637e+00,-4.457803e+00,2.722222e-02,4.466513e-01,1.357425e+02,3.207603e-04,-2.909849e+00,3.146176e+00,-3.067510e+00,-1.235027e+00,2.784981e+00,-3.186228e+00,9.836548e-01,-2.092676e-01,-2.628553e-01,1.692884e+00,1.082048e+00,3.038453e+00,4.972222e-03,-7.458296e-02,-1.987577e+01
2.921264e-03,-1.420785e+01,2.871674e+00,1.578210e+01,7.920570e-01,-1.312720e+01,-3.583044e+01,-7.947365e+00,-3.714912e+00,-2.709618e+00,-8.957378e+00,-3.586336e-01,-8.321989e-01,3.527778e-02,3.477260e-01,6.948993e+01,8.305004e-05,-1.642864e+00,2.393992e+00,-3.034620e+00,-1.196060e+00,1.993613e+00,-1.315089e+00,-1.550085e-01,1.956311e-01,-1.077129e-01,2.878391e+00,9.156357e-01,2.232429e+00,2.194444e-03,-6.742757e-02,-4.072276e+01
2.787279e-03,-1.473525e+01,3.808091e+00,1.348221e+01,-8.191283e-01,-1.190572e+01,-3.435791e+01,-8.583150e+00,-1.208778e+00,-3.807136e+00,-5.196306e+00,7.728369e-01,1.361572e+00,3.500000e-02,2.781029e-01,0,-2.358139e-04,2.662596e-01,9.774119e-01,-2.765526e+00,-8.549172e-01,6.428157e-01,1.272702e+00,-1.578844e+00,6.468320e-03,-5.266887e-01,3.521534e+00,3.676181e-01,3.988165e-01,-2.041667e-03,-3.937337e-02,-3.409750e+01
2.057717e-03,-1.199453e+01,3.196885e+00,1.083289e+01,5.231227e-01,-1.376099e+01,-3.161420e+01,-1.266755e+01,-2.569378e+00,-4.217648e+00,-5.980439e-01,1.473685e+00,-3.750002e-01,2.819444e-02,3.001933e-01,0,-3.568627e-04,1.710512e+00,-1.055829e-01,-2.641038e+00,-5.305143e-01,1.173570e-01,3.327433e+00,-2.238489e+00,-9.921120e-01,-1.365999e+00,2.860863e+00,-4.424865e-01,-8.707794e-01,-4.083334e-03,-2.387569e-02,-1.389799e+01
1.721792e-03,-9.730103e+00,2.992971e+00,7.935284e+00,-1.075732e+00,-1.330363e+01,-2.624979e+01,-1.513568e+01,-4.485559e+00,-6.380064e+00,1.931202e+00,-1.025706e+00,-2.692320e+00,2.055555e-02,2.735507e-01,0,-3.109173e-04,1.774241e+00,-4.561758e-01,-2.511395e+00,-7.721339e-01,5.621982e-01,3.731572e+00,-9.504588e-01,-8.800894e-01,-1.492355e+00,1.448356e+00,-1.105342e+00,-7.865936e-01,-2.888889e-03,-2.500976e-02,0
1.669693e-03,-8.157863e+00,2.751319e+00,5.350368e+00,-1.732213e+00,-1.184146e+01,-2.324734e+01,-1.586355e+01,-7.037081e+00,-8.253152e+00,1.783183e+00,-1.671795e+00,-3.159150e+00,2.208333e-02,2.306236e-01,0,-2.408789e-04,1.354080e+00,-3.741612e-01,-1.987862e+00,-8.705758e-01,8.633849e-01,3.302310e+00,1.329436e+00,1.096320e-03,-1.350465e+00,-2.054247e-01,-1.185660e+00,1.998584e-02,-8.055549e-04,-3.024372e-02,0
1.426704e-03,-7.782374e+00,1.749996e+00,3.666493e+00,-3.552130e+00,-1.005450e+01,-1.988348e+01,-1.173745e+01,-3.375373e+00,-9.251159e+00,8.548622e-01,-3.181134e+00,-1.179321e+00,2.361111e-02,1.878390e-01,0,-2.344927e-04,9.850119e-01,2.713673e-02,-1.198889e+00,-4.513274e-01,3.955630e-01,2.091711e+00,2.892999e+00,7.235756e-01,-5.440079e-01,-1.005532e+00,-4.979170e-01,6.271821e-01,-4.166663e-04,-1.183286e-02,0
1.000867e-03,-6.197998e+00,1.947567e+00,3.027973e+00,-2.591557e+00,-1.106863e+01,-1.828580e+01,-7.719482e+00,-3.118989e+00,-9.534424e+00,-1.086998e+00,-3.376902e+00,-1.031570e+00,2.263889e-02,1.918306e-01,0,-2.145683e-04,8.481415e-01,6.589847e-01,-5.532514e-01,-3.147936e-01,-1.780670e-01,8.665439e-01,3.015442e+00,-2.468128e-02,1.815986e-01,-1.414864e+00,-1.704626e-01,1.457042e-01,-1.819444e-03,7.711637e-03,0
8.837416e-04,-5.784976e+00,3.530531e+00,3.102033e+00,-2.902697e+00,-1.171222e+01,-1.827200e+01,-4.742714e+00,-2.826727e+00,-8.459467e+00,-1.661368e+00,-2.662737e+00,-6.201988e-01,1.819444e-02,2.337830e-01,0,-1.416252e-04,7.688605e-01,1.127726e+00,-2.004696e-01,-2.560465e-01,-5.202414e-01,-2.931425e-01,2.084076e+00,-1.365665e+00,6.510156e-01,-1.480829e+00,2.894443e-01,-5.781730e-01,-2.583333e-03,2.010136e-02,0
8.683330e-04,-4.915854e+00,5.155975e+00,2.866342e+00,-3.630898e+00,-1.190293e+01,-1.972036e+01,-4.283699e+00,-7.434811e+00,-7.741005e+00,-4.033024e+00,-2.783306e+00,-2.710190e+00,1.569444e-02,2.462098e-01,0,-4.987684e-05,6.842204e-01,1.083289e+00,-1.111328e-01,-9.775656e-01,-4.252585e-01,-3.903782e-01,1.584745e+00,-1.489173e+00,1.016094e+00,-1.212442e+00,1.347682e-01,-1.376334e+00,-2.541667e-03,5.172919e-03,0
7.848451e-04,-4.579143e+00,5.784422e+00,2.744961e+00,-4.312693e+00,-1.223856e+01,-2.063192e+01,-3.034957e+00,-8.045787e+00,-6.892790e+00,-5.076272e+00,-2.030710e+00,-3.230876e+00,1.416667e-02,2.611562e-01,0,-3.185482e-05,8.821145e-01,6.215119e-01,-2.265159e-01,-1.384780e+00,-2.691435e-01,4.880856e-01,1.531807e+00,-7.900691e-01,7.493942e-01,-5.186788e-01,-2.883801e-01,-1.911332e+00,-2.013889e-03,-7.172197e-03,0
8.009309e-04,-3.379812e+00,6.237068e+00,2.650846e+00,-6.774387e+00,-1.293176e+01,-1.905774e+01,-6.496354e-01,-7.955325e+00,-5.237294e+00,-5.441756e+00,-3.019074e+00,-6.607903e+00,1.194444e-02,2.040086e-01,0,-9.513245e-06,1.093662e+00,2.433335e-01,-3.744463e-01,-1.781330e+00,7.296276e-02,1.901562e+00,2.009218e+00,6.036613e-01,4.466944e-01,2.134536e-01,-1.358026e-01,-1.559073e+00,-1.777778e-03,-6.125838e-03,0
7.581685e-04,-2.142425e+00,6.097544e+00,2.077202e+00,-8.254849e+00,-1.254353e+01,-1.616289e+01,1.099287e+00,-6.516816e+00,-5.964352e+00,-3.550395e+00,-3.986753e+00,-8.228004e+00,9.999999e-03,2.190226e-01,0,3.733313e-05,1.056965e+00,-2.753711e-01,-7.708932e-01,-1.921344e+00,1.294493e+00,2.697231e+00,1.932798e+00,1.984790e-01,-1.626062e-01,-7.303691e-03,6.913799e-01,-8.678776e-01,-9.722224e-04,1.403427e-02,0
8.341051e-04,-6.659041e-01,6.216082e+00,1.327990e+00,-1.056647e+01,-1.138563e+01,-1.244706e+01,3.695266e+00,-5.180990e+00,-5.971752e+00,-3.728694e+00,-2.484298e+00,-8.006990e+00,8.888888e-03,2.366474e-01,0,9.450583e-05,5.406864e-01,-9.232928e-01,-8.812240e-01,-1.736847e+00,2.926664e+00,2.534945e+00,1.541195e+00,-8.608940e-01,-8.530440e-02,-7.189195e-01,2.234022e+00,3.747546e-01,3.333336e-04,4.521835e-02,0
9.549237e-04,-6.512737e-01,4.418060e+00,-4.480766e-01,-1.202337e+01,-6.539156e+00,-1.045111e+01,4.456583e+00,-8.440559e+00,-7.338592e+00,-5.969321e+00,1.158801e+00,-6.870720e+00,1.083333e-02,3.150081e-01,0,1.527431e-04,3.925635e-02,-1.742479e+00,-7.240526e-01,-1.231513e+00,3.889004e+00,2.032752e+00,3.612860e-01,-1.981462e+00,5.781878e-01,-1.048358e+00,2.682767e+00,6.144059e-01,1.541667e-03,6.114933e-02,0
1.175082e-03,-1.421956e+00,2.460346e+00,-4.926348e-01,-1.357436e+01,-1.300625e+00,-9.238905e+00,5.377694e+00,-1.129792e+01,-4.976696e+00,-7.826890e+00,5.578260e+00,-5.412772e+00,1.319444e-02,3.821076e-01,0,1.637448e-04,-1.908646e-01,-2.257242e+00,-1.650592e-01,-1.096735e-01,3.547397e+00,1.341453e+00,-1.500490e+00,-1.861242e+00,1.065391e+00,-4.227761e-01,1.185798e+00,2.235677e-01,1.972222e-03,6.701838e-02,0
1.351395e-03,-1.568117e+00,-7.369826e-01,-6.327489e-01,-1.290847e+01,1.858990e+00,-7.603207e+00,2.064504e+00,-1.336566e+01,-3.570941e+00,-6.743088e+00,5.395804e+00,-6.453084e+00,1.555556e-02,4.520391e-01,0,1.431214e-04,8.506021e-02,-2.268877e+00,5.365896e-01,1.036359e+00,1.455152e+00,9.090417e-01,-3.282782e+00,-2.651386e-01,1.330566e+00,-6.185617e-02,-1.142320e+00,-2.717191e-01,1.180555e-03,5.394660e-02,0
1.454593e-03,-1.161805e+00,-2.492605e+00,5.950296e-01,-1.067229e+01,2.152280e+00,-7.163746e+00,-2.611144e+00,-1.202465e+01,-2.528622e+00,-5.455691e+00,1.326191e+00,-7.097970e+00,1.638889e-02,5.032238e-01,0,9.554379e-05,3.243953e-01,-1.894986e+00,9.549853e-01,1.911857e+00,-7.582529e-01,3.256335e-01,-3.918792e+00,8.858387e-01,9.955907e-01,-8.599553e-01,-2.958647e+00,7.063465e-02,-1.250001e-04,3.128611e-02,0
1.530775e-03,-3.560478e-01,-4.449851e+00,1.691039e+00,-8.292614e+00,-9.898483e-01,-6.943476e+00,-7.962907e+00,-9.402888e+00,-1.909799e+00,-7.464201e+00,-2.426766e+00,-7.386716e+00,1.513889e-02,5.241830e-01,0,3.365609e-05,4.000737e-01,-1.151631e+00,8.654394e-01,2.097846e+00,-2.158437e+00,1.532724e-01,-2.634666e+00,1.297602e+00,1.122102e+00,-2.009982e+00,-2.922008e+00,5.806254e-01,-1.416667e-03,1.243687e-02,0
1.563111e-03,-4.060138e-01,-5.158148e+00,3.120398e+00,-6.322999e+00,-3.667471e+00,-7.940603e+00,-9.202559e+00,-8.850114e+00,-8.293130e-01,-1.176611e+01,-5.303689e+00,-4.592782e+00,1.277778e-02,5.024663e-01,0,-1.663790e-05,3.807836e-01,-3.374342e-01,5.273860e-01,1.975758e+00,-2.265234e+00,2.762405e-01,-7.645067e-01,4.210464e-01,7.558892e-01,-2.032179e+00,-1.752410e+00,8.078087e-01,-1.819444e-03,7.529914e-03,1.187384e+01
1.465417e-03,5.435566e-02,-5.162369e+00,2.431764e+00,-4.593881e+00,-6.023321e+00,-6.448416e+00,-7.813120e+00,-8.464917e+00,1.189917e+00,-1.363779e+01,-5.899294e+00,-4.802551e+00,1.027778e-02,5.146022e-01,0,-4.647315e-05,2.705427e-01,5.605251e-01,1.600593e-01,1.774250e+00,-1.182527e+00,3.260658e-01,3.834256e-01,-9.454057e-01,2.498661e-01,-7.133640e-01,-7.345547e-01,3.183603e-01,-1.250000e-03,2.158862e-02,2.957646e+01
1.404083e-03,5.369110e-01,-3.823518e+00,2.861597e+00,-2.642862e+00,-6.657154e+00,-6.030073e+00,-6.508572e+00,-1.038840e+01,-2.990343e-01,-1.252979e+01,-5.699594e+00,-4.351009e+00,9.722223e-03,5.456638e-01,5.936920e+01,-4.158064e-05,2.579900e-01,1.055660e+00,2.090929e-01,1.482767e+00,-3.877783e-01,7.131414e-02,2.631286e-01,-1.936367e+00,-3.076751e-01,7.255581e-01,-1.139402e-01,5.652475e-03,-4.583334e-04,3.679416e-02,4.714890e+01
1.377924e-03,5.252034e-01,-2.314540e+00,2.620736e+00,-1.261434e+00,-5.407643e+00,-6.268412e+00,-7.392773e+00,-1.336077e+01,-9.256080e-01,-1.064918e+01,-5.901587e+00,-5.915802e+00,1.041667e-02,6.105273e-01,1.181977e+02,-2.136828e-05,1.482276e-01,1.176459e+00,5.079492e-01,9.203375e-01,-8.737960e-02,-7.231624e-01,-2.202118e-01,-2.353870e+00,-6.390848e-02,1.000605e+00,-5.573660e-01,2.849793e-01,1.388881e-05,3.852240e-02,4.690454e+01
1.398955e-03,6.485124e-01,-1.303762e+00,4.071376e+00,-5.753893e-01,-5.914201e+00,-7.674034e+00,-8.097090e+00,-1.608402e+01,-1.309926e+00,-9.632625e+00,-5.872244e+00,-4.007895e+00,1.041667e-02,6.384745e-01,1.766456e+02,-1.773790e-05,1.960366e-01,1.041539e+00,5.535215e-01,1.750692e-01,-2.506353e-01,-8.845831e-01,-3.089937e-01,-1.637591e+00,7.927442e-01,2.980499e-01,-9.519974e-01,5.146900e-01,1.249998e-04,3.098122e-02,2.901693e+01
1.361139e-03,7.396930e-01,-5.399499e-01,4.366621e+00,-1.025930e+00,-6.831695e+00,-9.242248e+00,-8.119920e+00,-1.738646e+01,1.375821e+00,-1.008335e+01,-8.599799e+00,-3.549212e+00,1.000000e-02,6.608089e-01,1.758845e+02,-2.690214e-05,2.007540e-01,9.444752e-01,5.843778e-01,-1.357484e-01,-6.467139e-01,-7.027712e-01,2.813281e-01,-5.560595e-01,9.102488e-01,-5.909546e-01,-1.091987e+00,3.073694e-01,1.527777e-04,1.839219e-02,1.140035e+01
1.323786e-03,1.409849e+00,4.968834e-01,4.756262e+00,-1.885268e+00,-7.198305e+00,-8.966071e+00,-7.689967e+00,-1.656352e+01,2.513972e+00,-1.132246e+01,-9.110475e+00,-2.960854e+00,1.055556e-02,6.754291e-01,1.756105e+02,-3.968494e-05,-1.825676e-02,8.937271e-01,7.080442e-01,1.493625e-01,-5.403041e-01,-5.798480e-01,1.070397e+00,4.231897e-01,4.923932e-01,-8.791496e-01,-9.715210e-01,-3.789085e-01,2.777772e-05,7.521981e-03,-2.238586e-01
1.280998e-03,1.148305e+00,1.507513e+00,5.200182e+00,-1.285236e+00,-7.999161e+00,-9.136250e+00,-6.189694e+00,-1.590132e+01,1.713687e+00,-1.275904e+01,-9.742406e+00,-4.902475e+00,1.111111e-02,6.840110e-01,1.757170e+02,-4.782681e-05,-5.020911e-01,6.815446e-01,1.368759e+00,7.902020e-01,-2.758133e-01,-7.108513e-01,1.943608e+00,1.141535e+00,-8.637505e-01,-1.094429e+00,-3.532678e-01,-8.853676e-02,-6.944443e-04,-7.308930e-03,-1.082199e-01
1.240601e-03,3.529226e-01,2.141142e+00,7.194817e+00,3.010766e-01,-8.031989e+00,-1.062627e+01,-3.710217e+00,-1.471064e+01,9.831069e-01,-1.269053e+01,-1.015855e+01,-5.225805e+00,1.000000e-02,6.644834e-01,1.756101e+02,-5.272431e-05,-1.031106e+00,1.914994e-01,2.207939e+00,1.220651e+00,3.046328e-01,-1.294319e+00,1.954654e+00,1.574344e+00,-1.409674e+00,-1.093538e+00,-1.179005e-01,9.331636e-01,-1.541667e-03,-2.331621e-02,2.301575e-01
1.163598e-03,-1.242299e+00,2.045644e+00,9.991139e+00,1.831908e+00,-7.793919e+00,-1.196640e+01,-3.917557e-01,-1.260522e+01,-2.177499e+00,-1.487146e+01,-9.842103e+00,-2.859420e+00,6.805556e-03,6.297371e-01,1.753436e+02,-4.721200e-05,-1.204883e+00,-2.962627e-01,2.610979e+00,8.140341e-01,1.031343e+00,-1.150908e+00,1.224655e+00,2.059008e+00,-1.537832e+00,-1.131524e+00,4.966397e-01,1.790013e+00,-1.555556e-03,-3.008198e-02,1.059055e+00
1.118864e-03,-2.550378e+00,1.185315e+00,1.340048e+01,2.659416e+00,-5.777761e+00,-1.402259e+01,-8.156675e-01,-1.033985e+01,-2.588807e+00,-1.573394e+01,-9.650128e+00,6.834366e-01,5.000000e-03,5.859850e-01,1.769480e+02,-3.012321e-05,-1.105477e+00,-5.762464e-01,2.133267e+00,2.033728e-01,1.347133e+00,-1.048789e+00,3.103355e-01,2.115427e+00,-1.035671e+00,-6.499832e-01,6.645798e-01,9.187160e-01,-6.805555e-04,-2.926475e-02,2.144287e+00
1.105806e-03,-3.424458e+00,5.041128e-01,1.515225e+01,1.605764e+00,-3.969559e+00,-1.319263e+01,-1.513693e+00,-7.791678e+00,-4.189515e+00,-1.689495e+01,-7.513416e+00,1.092970e+00,5.833333e-03,5.728503e-01,1.803433e+02,-1.597276e-05,-7.890859e-01,-5.207378e-01,1.105144e+00,-3.258465e-01,1.260951e+00,-6.363630e-01,3.507293e-01,1.994656e+00,-4.565294e-01,-1.465489e-01,4.681636e-01,-1.016599e+00,3.472221e-04,-1.598057e-02,-9.645800e+00
1.118881e-03,-4.083385e+00,3.067512e-02,1.528060e+01,1.431012e+00,-3.208502e+00,-1.525710e+01,-1.597570e+00,-6.540277e+00,-3.189239e+00,-1.492870e+01,-7.999990e+00,-2.608420e+00,7.083334e-03,5.466030e-01,1.838316e+02,-1.704980e-05,-4.395518e-01,-2.627096e-01,1.201426e-01,-1.713138e-01,7.376232e-01,-1.798938e-01,7.482446e-01,1.499362e+00,-3.512550e-01,2.508867e-01,2.588747e-01,-2.113652e+00,4.444445e-04,-5.734384e-04,-1.710719e+01
1.083726e-03,-4.421225e+00,1.927468e-02,1.457680e+01,8.168774e-01,-2.773792e+00,-1.453096e+01,1.752842e+00,-4.531727e+00,-4.159931e+00,-1.600682e+01,-8.326354e+00,-6.296486e+00,7.500000e-03,5.695252e-01,1.236728e+02,-2.232014e-05,3.940239e-02,-2.809182e-02,-3.001066e-01,1.913440e-01,3.487086e-02,-6.591358e-02,2.616282e-01,7.182562e-01,-1.867218e-01,6.335289e-01,3.698317e-01,-1.428511e+00,1.250000e-04,1.256161e-02,-1.874916e+01
1.044655e-03,-4.249753e+00,1.141859e-01,1.428891e+01,2.197291e+00,-2.687529e+00,-1.425289e+01,1.292287e+00,-4.473012e+00,-4.359875e+00,-1.492357e+01,-7.949286e+00,-6.190094e+00,6.388889e-03,5.847803e-01,1.197473e+02,-1.630845e-05,5.108334e-01,8.914836e-02,-1.870354e-01,1.924961e-01,-6.811632e-01,-1.848242e-01,-1.605527e+00,8.045115e-02,-3.793738e-01,1.027560e+00,1.117451e+00,6.548487e-01,2.083332e-04,1.719639e-02,-1.301004e+00
1.031318e-03,-3.144262e+00,3.218984e-01,1.414756e+01,2.179345e+00,-4.055691e+00,-1.402430e+01,-1.650481e+00,-5.234029e+00,-4.537806e+00,-1.372987e+01,-5.689610e+00,-4.258749e+00,6.805555e-03,6.165697e-01,1.186397e+02,9.833602e-08,7.018443e-01,3.650509e-02,-3.427887e-03,-2.019550e-01,-1.048809e+00,-1.134405e+00,-3.269208e+00,-2.901953e-01,-1.512853e-01,1.432737e+00,1.487389e+00,1.862003e+00,1.013889e-03,5.145603e-03,1.737170e+01
1.063542e-03,-2.167700e+00,3.251051e-01,1.456004e+01,1.712259e+00,-5.973368e+00,-1.643455e+01,-7.923544e+00,-5.786870e+00,-4.897170e+00,-1.092937e+01,-3.731105e+00,-3.530449e-01,8.472222e-03,6.090627e-01,1.798431e+02,6.426650e-06,4.932078e-01,-1.168084e-01,2.665239e-01,-8.116605e-01,-8.384490e-01,-1.754408e+00,-3.174548e+00,2.431996e-01,3.337743e-01,9.546782e-01,7.940542e-01,1.473138e+00,1.861111e-03,-7.987261e-03,1.783420e+01
1.074774e-03,-1.953030e+00,9.634051e-02,1.442409e+01,4.961817e-02,-6.374918e+00,-1.911216e+01,-9.985284e+00,-5.325774e+00,-4.647709e+00,-1.084024e+01,-2.998498e+00,9.500297e-02,1.152778e-02,5.831121e-01,1.804833e+02,-7.929292e-06,5.234637e-02,-2.657422e-01,4.500896e-01,-9.234403e-01,-8.180876e-02,-1.786089e+00,-1.843880e+00,1.201360e+00,9.176129e-01,4.473855e-01,-2.061344e-01,3.603074e-01,2.097222e-03,-2.047921e-02,-5.539978e-01
1.055061e-03,-2.379331e+00,-3.570773e-01,1.548327e+01,-7.961485e-01,-5.720160e+00,-2.048100e+01,-1.041305e+01,-3.211142e+00,-2.636051e+00,-1.159500e+01,-5.324571e+00,-1.001282e+00,1.333333e-02,5.615728e-01,1.779965e+02,-2.754948e-05,-1.213431e-01,-1.801072e-01,4.865246e-01,-7.729411e-01,3.970401e-01,-1.623201e+00,-2.898951e-01,1.899052e+00,1.107252e+00,2.538794e-01,-4.666713e-01,-4.640056e-01,1.444445e-03,-2.452298e-02,-3.070129e+01
9.959125e-04,-2.776714e+00,-6.657216e-01,1.593639e+01,-1.183653e+00,-4.591339e+00,-2.093152e+01,-9.625130e+00,-5.150945e-01,-1.080301e+00,-1.116013e+01,-5.923548e+00,-2.133094e+00,1.486111e-02,5.379186e-01,1.167930e+02,-1.617444e-05,-1.713228e-03,-8.862074e-02,4.466826e-01,-6.004662e-01,1.264420e-01,-2.039812e+00,-2.109880e-02,2.017707e+00,5.000077e-01,5.000212e-01,4.845645e-01,9.610577e-02,4.027777e-04,-2.544639e-02,-4.807813e+01
9.652255e-04,-2.362573e+00,-1.943999e-01,1.623652e+01,-1.535811e+00,-4.879958e+00,-2.364088e+01,-9.553097e+00,1.303049e+00,-1.144614e+00,-9.500027e+00,-4.601936e+00,-1.559024e+00,1.402778e-02,5.090446e-01,5.818182e+01,2.452579e-05,1.403843e-01,-1.204769e-01,2.564063e-01,-6.458193e-01,-6.253845e-01,-2.886417e+00,-6.701584e-01,9.901736e-01,-1.924733e-02,6.490802e-01,1.492143e+00,5.486587e-01,-6.666670e-04,-2.476032e-02,-4.727860e+01
1.038819e-03,-1.969975e+00,-4.281019e-01,1.628088e+01,-2.582882e+00,-6.162810e+00,-2.773128e+01,-1.052076e+01,2.505668e+00,-2.893389e+00,-9.387616e+00,-9.369934e-01,8.544030e-01,1.319444e-02,4.821442e-01,0,5.610508e-05,6.925335e-02,-1.730018e-01,7.772274e-02,-6.027948e-01,-1.110095e+00,-2.999216e+00,-1.789993e+00,-4.428574e-01,4.116170e-01,4.363117e-01,1.430424e+00,6.108304e-01,-1.347222e-03,-1.372220e-02,-2.917679e+01
1.156236e-03,-2.080779e+00,-1.078272e+00,1.659305e+01,-3.325630e+00,-8.061347e+00,-3.151321e+01,-1.331603e+01,2.293450e-01,-1.825744e+00,-9.235853e+00,-3.571323e-01,2.482634e-01,1.083333e-02,4.656584e-01,0,2.643822e-05,-1.362097e-01,-1.500388e-01,-3.320290e-01,-1.803464e-01,-1.160750e+00,-1.813903e+00,-1.868359e+00,-1.424879e+00,1.021949e+00,5.612881e-01,2.900298e-01,2.358881e-01,-1.291667e-03,-1.944756e-03,-1.163636e+01
1.180933e-03,-2.571345e+00,-1.088795e+00,1.614674e+01,-3.302717e+00,-8.551118e+00,-3.199143e+01,-1.669363e+01,-2.192529e+00,1.318349e+00,-9.110658e+00,-8.938295e-01,1.741425e-02,9.722222e-03,4.910007e-01,0,-6.045655e-05,-5.229747e-01,3.951935e-01,-5.542138e-01,2.765024e-01,-3.387322e-01,-1.217167e-01,-6.858811e-01,-1.489949e+00,1.243642e+00,6.979446e-01,-1.023318e+00,-1.795303e-01,-1.250002e-04,-9.347078e-03,0
1.026360e-03,-2.742936e+00,-6.142474e-01,1.464344e+01,-2.077625e+00,-9.489552e+00,-3.058032e+01,-1.580846e+01,-3.472249e+00,1.859263e+00,-6.832066e+00,-3.173369e+00,3.891047e-02,9.305555e-03,4.948926e-01,0,-4.440988e-05,-1.481429e+00,1.293778e+00,-5.246011e-01,-5.075596e-02,6.307259e-01,3.342524e-01,1.384580e+00,-7.957917e-01,9.795197e-02,1.337802e+00,-1.399821e+00,-1.153555e-01,3.416667e-03,-3.505462e-02,0
8.014745e-04,-4.253769e+00,1.315853e+00,1.448462e+01,-1.824372e+00,-7.142368e+00,-2.880631e+01,-1.270395e+01,-3.093278e+00,1.482319e+00,-7.099787e+00,-4.645466e+00,6.142807e-02,1.333333e-02,4.207917e-01,0,2.071937e-04,-2.942015e+00,2.426275e+00,-1.033904e-01,-9.460653e-01,1.806440e+00,-4.383133e-01,2.145857e+00,-1.068995e-01,-6.290833e-01,1.879315e+00,-9.088982e-01,-3.795337e-01,9.236112e-03,-6.290219e-02,0
1.123916e-03,-8.646709e+00,4.188296e+00,1.480111e+01,-4.318583e+00,-5.612092e+00,-3.143451e+01,-8.387973e+00,-3.299239e+00,-1.417969e+00,-3.552280e+00,-5.480421e+00,-3.505210e-01,2.611111e-02,3.254897e-01,0,7.461992e-04,-4.306906e+00,3.341803e+00,1.203345e-01,-2.167524e+00,2.355394e+00,-1.357756e+00,1.126482e+00,5.656300e-01,-7.699255e-01,1.939982e+00,1.372440e-01,2.256951e-02,1.547222e-02,-6.298131e-02,0
2.168123e-03,-1.432953e+01,8.641307e+00,1.555095e+01,-6.912565e+00,-1.457648e+00,-3.375591e+01,-9.674584e+00,-2.813532e+00,-1.884517e-01,-1.353977e+00,-4.284795e+00,-1.685538e+00,4.750000e-02,2.611912e-01,0,1.407010e-03,-4.573180e+00,3.645112e+00,1.249598e-01,-2.563613e+00,2.191590e+00,-1.133149e+00,-6.747118e-01,1.053630e+00,-4.837138e-01,1.311169e+00,8.572713e-01,6.927136e-01,1.868055e-02,-3.483023e-02,0
4.074031e-03,-1.923959e+01,1.243204e+01,1.471195e+01,-1.037115e+01,-5.549430e-01,-3.489430e+01,-1.169073e+01,-7.839718e-01,-1.154979e+00,-5.060514e-03,-2.667485e+00,1.025241e+00,6.958333e-02,2.597863e-01,0,1.740647e-03,-3.658646e+00,2.937675e+00,-1.685988e-01,-2.346225e+00,1.654962e+00,4.766659e-01,-1.771539e+00,1.262968e+00,-4.015246e-01,1.044502e-01,1.094381e+00,1.924233e+00,1.700000e-02,-1.340657e-03,0
6.361468e-03,-2.182323e+01,1.541954e+01,1.515400e+01,-1.161616e+01,1.287008e+00,-3.274216e+01,-1.442613e+01,9.172368e-01,-1.067745e+00,-2.317553e+00,-1.765577e+00,2.837115e+00,8.500000e-02,2.794923e-01,0,1.504537e-03,-2.368855e+00,1.508296e+00,-5.963036e-01,-1.712978e+00,8.871296e-01,1.837242e+00,-1.307499e+00,9.044756e-01,-7.379096e-01,-2.809744e-01,7.415384e-01,2.639739e+00,1.177778e-02,2.433510e-02,0
7.730478e-03,-2.319309e+01,1.548755e+01,1.415659e+01,-1.369791e+01,1.290388e+00,-2.955805e+01,-1.486990e+01,1.150218e+00,-2.985945e+00,-2.548241e+00,-1.268125e+00,7.009318e+00,9.236111e-02,3.096359e-01,0,7.804543e-04,-1.379496e+00,9.863796e-02,-7.009894e-01,-1.010310e+00,6.200937e-01,2.946554e+00,-4.038500e-01,6.527292e-01,-1.009713e+00,-5.432240e-02,6.169514e-01,1.817809e+00,6.083333e-03,2.332196e-02,0
7.862584e-03,-2.419705e+01,1.465503e+01,1.284711e+01,-1.381407e+01,2.055335e+00,-2.723782e+01,-1.462250e+01,7.417513e-01,-2.962517e+00,-1.487259e+00,-1.276782e+00,8.521117e+00,9.500000e-02,3.579419e-01,0,-6.187260e-05,-9.427665e-01,-7.150240e-01,-4.413494e-01,-2.550810e-01,5.742302e-01,3.418630e+00,-2.182842e-01,1.109247e+00,-1.198799e+00,8.686113e-03,3.498789e-01,1.379804e-01,2.124999e-03,2.115872e-03,0
7.225745e-03,-2.495016e+01,1.330748e+01,1.236044e+01,-1.432374e+01,2.161362e+00,-2.291370e+01,-1.361180e+01,2.567417e+00,-5.256160e+00,-6.918195e-01,1.728752e-01,7.272283e+00,9.500000e-02,3.371713e-01,0,-6.894626e-04,-5.369701e-01,-7.449802e-01,4.450392e-01,9.846545e-01,6.834051e-01,3.752728e+00,-5.913720e-01,1.835751e+00,-8.271369e-01,-7.753963e-01,-1.508242e-01,-1.624777e+00,6.805547e-04,-2.171571e-02,0
6.304471e-03,-2.565853e+01,1.293446e+01,1.384532e+01,-1.257865e+01,3.722672e+00,-1.897119e+01,-1.614660e+01,5.754871e+00,-5.926632e+00,-3.202333e+00,-7.366826e-01,3.395535e+00,9.430555e-02,2.763039e-01,0,-1.078573e-03,-3.140812e-02,-5.423951e-01,9.812725e-01,2.198438e+00,7.071821e-02,3.536810e+00,-1.230975e+00,2.101070e+00,-9.689102e-02,-1.403212e+00,-8.141584e-01,-1.830748e+00,7.500000e-04,-2.988929e-02,0
5.062221e-03,-2.514720e+01,1.262294e+01,1.588268e+01,-9.392350e+00,3.873745e+00,-1.492773e+01,-1.706470e+01,7.822415e+00,-5.639572e+00,-5.567686e+00,-2.292296e+00,1.448223e+00,9.611111e-02,2.418763e-01,0,-1.209450e-03,4.896461e-01,-3.637174e-01,8.418821e-01,2.603734e+00,-9.345838e-01,2.478198e+00,-8.891630e-01,1.364235e+00,8.428693e-01,-1.142228e+00,-1.372694e+00,-7.071313e-01,1.111113e-03,-1.508796e-02,0
3.551478e-03,-2.425557e+01,1.228533e+01,1.599235e+01,-5.287574e+00,1.552735e+00,-1.354676e+01,-1.905092e+01,8.619603e+00,-3.255266e+00,-6.065383e+00,-4.114989e+00,2.279408e+00,9.819444e-02,2.561429e-01,0,-1.081748e-03,8.748167e-01,-3.131616e-01,-4.534731e-02,1.751388e+00,-1.862716e+00,1.146878e+00,-1.486878e-01,4.232304e-01,9.836732e-01,2.342123e-01,-1.139865e+00,4.144347e-01,4.722230e-04,-2.366714e-03,0
2.554992e-03,-2.320341e+01,1.181346e+01,1.549634e+01,-4.950605e+00,-1.426589e+00,-1.323492e+01,-1.660545e+01,7.956228e+00,-2.377497e+00,-4.971433e+00,-5.001442e+00,4.294690e+00,9.861112e-02,2.718120e-01,0,-7.714973e-04,8.781706e-01,-4.047516e-01,-7.153640e-01,2.954991e-01,-1.541791e+00,-4.566765e-03,2.602879e-01,-1.830064e-01,7.286969e-01,1.167708e+00,-6.645106e-01,1.063760e+00,-8.888893e-04,2.992775e-03,0
2.149347e-03,-2.225635e+01,1.177339e+01,1.381176e+01,-6.042582e+00,-2.940743e+00,-1.408320e+01,-1.711967e+01,7.804117e+00,-2.639304e+00,-2.329397e+00,-5.081434e+00,4.044475e+00,9.541667e-02,2.495025e-01,0,-4.490447e-04,6.788921e-01,-5.370900e-01,-8.643506e-01,-4.284718e-01,-6.034435e-01,-8.551407e-01,7.617512e-02,-6.484109e-01,2.924646e-01,1.662516e+00,-1.739416e-01,7.281456e-01,-2.055555e-03,7.265359e-04,0
1.905801e-03,-2.175596e+01,1.085515e+01,1.339616e+01,-7.537351e+00,-1.588470e+00,-1.468234e+01,-1.672889e+01,7.315126e+00,-2.304069e+00,-1.597138e+00,-5.131627e+00,5.884491e+00,9.305555e-02,2.601604e-01,0,-2.662303e-04,3.417211e-01,-7.070818e-01,-6.004203e-01,-2.500182e-01,2.974413e-01,-1.368034e+00,2.822304e-02,-6.354343e-01,2.127632e-01,1.353146e+00,-2.784128e-02,-2.997007e-02,-1.888888e-03,5.407895e-03,0
1.630851e-03,-2.158483e+01,1.007903e+01,1.272069e+01,-6.136560e+00,-1.383542e+00,-1.709875e+01,-1.860832e+01,5.698100e+00,-1.829657e+00,5.600501e-01,-4.919605e+00,5.125235e+00,9.069445e-02,2.656014e-01,0,-2.043532e-04,8.357430e-02,-8.264952e-01,-2.811207e-01,3.512519e-01,3.344674e-01,-1.653039e+00,6.340648e-01,-7.200900e-01,1.009116e-01,8.251933e-01,-2.532107e-01,-7.473396e-01,-1.527771e-04,2.964288e-03,0
1.483089e-03,-2.183056e+01,9.125230e+00,1.303977e+01,-6.153707e+00,-7.179827e-01,-1.856732e+01,-1.572001e+01,5.832066e+00,-1.718504e+00,3.495751e-01,-5.221563e+00,3.604460e+00,9.152778e-02,2.908020e-01,0,-1.682755e-04,5.311146e-02,-5.989531e-01,-2.479524e-01,4.820494e-01,-1.941444e-01,-9.576084e-01,1.580231e+00,-2.873526e-01,5.333333e-02,1.247821e-01,-4.688440e-01,-1.567891e+00,2.472223e-03,-1.484759e-03,0
1.338937e-03,-2.180118e+01,8.505872e+00,1.258435e+01,-4.978144e+00,-1.703650e+00,-2.040591e+01,-1.445378e+01,4.945197e+00,-2.427528e+00,8.232126e-01,-6.302519e+00,1.447793e+00,9.541667e-02,2.490031e-01,0,-1.272410e-04,1.006462e-01,-4.767886e-01,-1.420279e-01,2.788113e-01,-5.269891e-01,3.239292e-01,1.984849e+00,1.425400e-01,4.458571e-01,-2.991348e-01,-5.488689e-01,-1.604586e+00,5.347222e-03,-1.355057e-02,0
1.210380e-03,-2.138223e+01,8.646966e+00,1.222457e+01,-5.706312e+00,-2.399138e+00,-1.781680e+01,-1.090501e+01,6.254815e+00,-1.738466e+00,-1.104809e+00,-6.784389e+00,-1.162445e-01,1.030556e-01,2.610358e-01,0,-1.031182e-04,1.079695e-01,-5.277497e-01,-2.154410e-01,2.465955e-01,-4.228616e-01,1.224935e+00,1.465827e+00,8.864792e-01,1.162006e+00,-1.412931e-01,-2.517136e-01,-1.626357e+00,6.486111e-03,-1.006136e-02,0
1.131000e-03,-2.130577e+01,7.934221e+00,1.241815e+01,-4.966201e+00,-3.177910e+00,-1.585436e+01,-1.109158e+01,6.199425e+00,4.096094e-01,-2.084321e-01,-6.882536e+00,-1.037340e+00,1.116667e-01,2.127317e-01,0,-6.874981e-05,-4.249382e-02,-1.002464e+00,-2.956842e-01,2.196750e-01,3.789113e-01,1.053074e+00,9.624301e-01,1.204732e+00,1.584612e+00,6.349812e-01,1.788218e-01,-1.288790e+00,5.888888e-03,1.303306e-03,0
1.071466e-03,-2.153842e+01,6.772307e+00,1.204567e+01,-4.926701e+00,-2.095161e+00,-1.471841e+01,-1.007197e+01,9.637347e+00,2.672958e+00,1.589319e-01,-6.190123e+00,-3.284759e+00,1.158333e-01,2.586310e-01,0,-4.403650e-05,-1.844988e-01,-1.331942e+00,-6.348489e-01,4.709031e-01,9.464467e-01,-2.699262e-01,1.115851e-01,2.391853e-01,7.469692e-01,1.323231e+00,6.352168e-01,-8.228762e-01,4.152776e-03,1.309565e-02,0
1.064645e-03,-2.193555e+01,4.430882e+00,1.119538e+01,-4.269575e+00,3.891738e-02,-1.668973e+01,-1.005815e+01,9.277589e+00,3.289818e+00,3.366248e+00,-5.705544e+00,-3.411900e+00,1.184722e-01,2.567221e-01,0,-5.019357e-05,-2.672863e-02,-1.161146e+00,-1.000495e+00,7.332916e-01,1.010711e+00,-1.036443e+00,4.866533e-01,-1.075013e+00,-6.269671e-01,1.091393e+00,7.532248e-01,-1.371301e-01,3.597222e-03,1.498447e-02,0
1.023375e-03,-2.198983e+01,3.738927e+00,9.661710e+00,-3.700110e+00,7.246817e-01,-1.874875e+01,-1.086380e+01,5.911659e+00,5.562754e-01,3.724005e+00,-4.196802e+00,-3.043346e+00,1.204167e-01,3.045188e-01,0,-6.621725e-05,2.693537e-01,-6.313397e-01,-9.616240e-01,9.887892e-01,4.248248e-01,-7.041571e-01,1.003355e+00,-1.990497e+00,-1.218696e+00,4.696275e-01,5.205646e-01,2.585684e-01,4.361113e-03,-4.060951e-03,0
9.040776e-04,-2.121370e+01,3.645180e+00,8.607654e+00,-1.913039e+00,4.657253e-01,-1.902141e+01,-8.262403e+00,2.687203e+00,-1.666885e+00,3.465999e+00,-4.113072e+00,-1.843698e+00,1.273611e-01,2.647101e-01,0,-8.792264e-05,5.565349e-01,-1.583246e-01,-4.998810e-01,8.307646e-01,-1.952490e-01,5.133192e-01,2.036297e+00,-9.816901e-01,-5.946757e-01,-1.247385e-01,6.022970e-01,7.021697e-01,5.444444e-03,-2.078607e-02,0
8.206636e-04,-2.055257e+01,4.008460e+00,8.531409e+00,-1.161023e+00,-1.844407e-01,-1.707336e+01,-5.953073e+00,2.980057e+00,-9.421706e-01,2.457194e+00,-4.383535e+00,-2.776018e+00,1.331944e-01,2.343322e-01,0,-7.600551e-05,5.487843e-01,-2.035534e-01,-6.574478e-02,2.831294e-01,-4.587118e-01,1.671959e+00,2.305341e+00,3.215963e-01,8.229171e-01,1.843448e-01,8.940859e-01,1.048142e+00,5.055556e-03,-3.458060e-02,0
7.263874e-04,-1.987151e+01,3.504493e+00,9.261127e+00,-1.385295e+00,-4.827664e-01,-1.496083e+01,-2.332025e+00,5.834939e+00,1.065662e+00,3.375961e+00,-2.600692e+00,-3.471486e-02,1.393055e-01,1.878850e-01,0,-3.804732e-05,2.737078e-01,-5.351942e-01,1.378799e-01,-1.646031e-01,-3.845257e-01,1.945553e+00,1.307105e+00,9.953715e-01,1.470194e+00,6.510761e-02,1.521140e+00,1.515932e+00,3.263888e-03,-1.965176e-02,0
7.321928e-04,-1.991701e+01,2.791504e+00,9.006249e+00,-2.548335e+00,-1.094631e+00,-1.241924e+01,-2.302279e+00,5.945773e+00,3.304587e+00,4.690748e+00,-4.825623e-01,1.292873e+00,1.397222e-01,1.700284e-01,0,-5.917612e-06,3.351135e-02,-9.227713e-01,-8.818521e-02,-2.095926e-01,-3.618104e-01,2.074047e+00,-6.488667e-02,4.581357e-01,1.452697e+00,-6.521143e-01,1.474148e+00,1.314861e+00,1.027781e-03,-3.439798e-03,0
7.580764e-04,-2.016295e+01,1.577687e+00,9.059633e+00,-2.042398e+00,-1.001808e+00,-1.162070e+01,-3.552275e+00,6.181202e+00,3.560706e+00,2.674760e+00,1.542140e+00,3.701515e+00,1.404167e-01,1.986032e-01,0,6.883004e-06,-1.574699e-01,-1.091735e+00,-1.544888e-01,2.388640e-01,-3.122435e-01,1.885831e+00,-1.293311e+00,-3.702451e-01,1.283039e+00,-1.758996e+00,5.940612e-01,8.937901e-02,-4.444405e-04,8.263062e-03,0
7.752310e-04,-2.023930e+01,3.580054e-01,8.191230e+00,-1.880435e+00,-1.733972e+00,-8.373187e+00,-5.667381e+00,5.097603e+00,5.073793e+00,-4.527766e-01,9.157889e-01,1.930171e+00,1.377778e-01,2.117741e-01,0,-1.017544e-05,-1.060152e-01,-9.229919e-01,-1.736853e-01,8.988323e-01,-2.422002e-01,1.662862e+00,-9.736090e-01,-1.157570e+00,8.143695e-01,-2.061892e+00,-1.302882e-01,-6.730207e-01,1.388639e-05,6.079590e-03,0
7.392833e-04,-2.049771e+01,-7.374347e-01,8.896193e+00,-5.249252e-01,-1.724313e+00,-7.554705e+00,-7.116027e+00,4.407799e+00,6.596256e+00,-2.847257e+00,-3.295617e-01,9.353089e-02,1.380556e-01,2.083275e-01,0,-2.186135e-05,-1.617638e-01,-5.627297e-01,9.735937e-02,1.426236e+00,-1.449889e-01,9.394681e-01,1.906120e-01,-1.630353e+00,6.772677e-01,-1.047539e+00,-4.953869e-01,-1.035920e+00,1.347220e-03,5.323277e-03,0
6.907121e-04,-2.027970e+01,-6.658947e-01,8.219543e+00,1.187090e+00,-1.944380e+00,-6.137932e+00,-5.388447e+00,1.044622e+00,5.858659e+00,-2.857703e+00,-1.981525e-01,-2.682388e-01,1.409722e-01,1.955642e-01,0,-2.382728e-05,-2.646187e-01,-2.826867e-01,4.433864e-01,1.764624e+00,3.757802e-01,2.972971e-01,1.779198e+00,-1.839648e+00,-2.285910e-03,5.237960e-01,-7.606290e-01,-2.364071e-02,1.305550e-03,8.074367e-03,0
6.910291e-04,-2.095156e+01,-7.240119e-01,9.532273e+00,3.555017e+00,-1.621549e+00,-8.040992e+00,-2.738682e+00,5.592694e-02,6.554612e+00,-1.360473e+00,-3.778237e-01,-3.788789e-01,1.455556e-01,2.333246e-01,0,-1.857890e-05,-4.104788e-01,-2.465727e-01,7.227036e-01,1.660030e+00,6.618209e-01,-1.740265e-03,2.583681e+00,-1.616059e+00,-7.895908e-01,2.386175e+00,-9.180994e-01,7.183963e-01,-2.152780e-03,1.385244e-02,0
6.802218e-04,-2.133546e+01,-1.062139e+00,1.009012e+01,4.902713e+00,9.354655e-02,-6.643559e+00,1.039938e+00,-1.924702e+00,5.083186e+00,1.422812e+00,-2.863225e+00,2.048172e+00,1.405555e-01,2.396474e-01,0,-2.517949e-05,-3.525949e-01,-3.439893e-01,7.042249e-01,1.470712e+00,4.635324e-01,-9.493146e-02,2.482210e+00,-8.150242e-01,-1.272623e+00,3.256608e+00,-1.033530e+00,3.640053e-01,-7.111110e-03,7.475705e-03,0
6.516340e-04,-2.202222e+01,-1.772176e+00,1.157442e+01,5.917414e+00,5.658276e-01,-7.310593e+00,2.588186e+00,-2.187836e+00,3.036039e+00,6.943360e+00,-3.587522e+00,2.527307e+00,1.275000e-01,2.555481e-01,0,-3.713755e-05,-7.145023e-02,-3.168047e-01,2.147669e-01,1.337299e+00,-4.872909e-01,1.594469e-01,1.689265e+00,-1.879046e-01,-1.703264e+00,2.595500e+00,-2.807501e-01,-4.239054e-01,-9.333333e-03,-2.031182e-03,0
5.845122e-04,-2.150735e+01,-1.861760e+00,1.071959e+01,7.359450e+00,-7.204062e-01,-6.977788e+00,4.359167e+00,-1.908617e+00,1.254832e+00,9.273421e+00,-3.760954e+00,9.869512e-02,1.144444e-01,2.218310e-01,0,-4.511023e-05,1.008560e-01,-2.976362e-01,-1.817047e-01,1.270315e+00,-1.587220e+00,-9.489117e-02,5.340807e-01,4.454615e-01,-1.419315e+00,6.483545e-01,5.954629e-01,-1.350685e+00,-6.777776e-03,-6.373855e-03,0
5.531961e-04,-2.122288e+01,-1.908226e+00,1.029137e+01,9.013145e+00,-3.651027e+00,-7.076643e+00,4.048028e+00,-8.916386e-01,-4.753204e-02,7.691720e+00,-1.332710e+00,-1.523667e+00,1.119444e-01,2.320769e-01,0,-4.632058e-05,1.203520e-01,-2.042443e-01,-5.375606e-01,1.098098e+00,-1.848640e+00,-1.143045e-02,-1.998865e-01,9.448243e-01,-1.075964e+00,-1.329011e+00,1.052047e+00,-9.384559e-01,-2.083333e-03,-3.614534e-03,0
5.038896e-04,-2.123086e+01,-2.482295e+00,9.823123e+00,9.706424e+00,-5.734126e+00,-7.234990e+00,2.980421e+00,-3.454933e-01,-4.716009e-01,4.290404e+00,-1.013317e+00,-2.679766e+00,1.144444e-01,2.195137e-01,0,-4.073242e-05,6.772614e-03,-1.608285e-01,-6.649779e-01,6.893553e-01,-1.298573e+00,1.167437e-01,-6.966362e-01,1.499489e+00,1.013065e-01,-1.884936e+00,1.219994e+00,-8.957559e-03,-3.472209e-04,1.585549e-02,0
4.603424e-04,-2.155871e+01,-2.483130e+00,9.334854e+00,1.023442e+01,-6.170514e+00,-7.239145e+00,2.278126e+00,1.754724e+00,-1.480567e+00,2.789816e+00,2.988938e-01,-7.757426e-01,1.170833e-01,2.386340e-01,0,-4.535402e-05,6.299038e-02,1.829542e-01,-1.003430e+00,3.064416e-01,-2.244175e-01,6.755624e-01,-6.214050e-01,1.636981e+00,1.262770e+00,-1.268359e+00,1.630329e+00,6.644742e-01,-3.986110e-03,2.354738e-02,0
4.272770e-04,-2.130557e+01,-2.378450e+00,7.872963e+00,1.019559e+01,-5.953529e+00,-6.312819e+00,1.760937e+00,4.265646e+00,2.477881e+00,2.299692e+00,1.523215e+00,-3.200549e-01,1.101389e-01,2.978299e-01,0,-4.739512e-05,2.608269e-01,6.279346e-01,-9.077727e-01,1.865348e-01,6.663280e-01,1.480188e+00,4.492898e-02,9.848911e-01,1.884789e+00,-4.082774e-01,2.152726e+00,7.304764e-01,-1.076389e-02,2.304276e-02,0
3.647323e-04,-2.087057e+01,-1.045377e+00,6.249302e+00,1.030077e+01,-4.663413e+00,-4.159916e+00,1.550745e+00,4.987697e+00,4.791575e+00,2.345284e+00,5.550672e+00,6.188483e-01,9.416667e-02,3.106557e-01,0,-5.351964e-05,3.993309e-01,7.581535e-01,-5.084151e-01,-7.662563e-02,8.559951e-01,1.497900e+00,8.403018e-01,-1.100677e-01,1.270092e+00,-5.415414e-02,2.392008e+00,2.321897e-01,-1.502778e-02,3.469884e-03,0
3.147190e-04,-2.027079e+01,-6.149840e-02,6.827035e+00,1.060592e+01,-3.156036e+00,-1.373662e+00,3.568756e+00,2.962476e+00,5.816270e+00,2.471283e+00,7.124426e+00,2.753200e-01,7.208333e-02,2.987167e-01,0,-5.682158e-05,3.627937e-01,4.680670e-01,-1.808335e-01,-4.053298e-01,5.759417e-01,8.473154e-01,1.483972e+00,-7.292490e-01,3.399026e-01,5.409877e-02,1.538171e+00,-1.488314e-01,-1.193056e-02,-1.859577e-02,0
2.490232e-04,-2.007944e+01,1.491621e-01,7.315742e+00,9.646123e+00,-3.289284e+00,-2.219222e+00,5.575726e+00,1.855971e+00,3.200701e+00,2.433250e+00,9.458329e+00,8.751825e-02,6.097222e-02,2.555400e-01,0,-5.166013e-05,2.707520e-01,-9.175836e-02,-3.801810e-01,-7.909406e-01,1.331433e-01,-1.467638e-01,1.474335e+00,-6.469223e-01,-2.469956e-01,-3.973947e-02,1.461465e-01,5.093547e-02,-4.444445e-03,-1.718217e-02,0
2.010236e-04,-1.988716e+01,-6.353851e-01,6.435575e+00,8.496265e+00,-3.760885e+00,-3.046589e+00,7.168308e+00,2.185265e+00,4.972831e+00,2.526203e+00,7.260241e+00,-7.985470e-01,6.708333e-02,2.324088e-01,0,-4.495624e-05,3.456756e-01,-1.780756e-01,-8.412580e-01,-7.936055e-01,-1.081627e-01,-6.899535e-01,8.800327e-01,-1.051432e-01,-3.729056e-01,-9.716680e-02,-1.230052e+00,6.826776e-01,8.749996e-04,-1.745393e-02,0
1.632794e-04,-1.970862e+01,-1.217226e+00,4.544127e+00,7.400894e+00,-3.695272e+00,-4.057271e+00,7.122646e+00,2.141691e+00,3.978316e+00,2.119126e+00,6.213497e+00,1.410459e+00,7.444444e-02,2.578988e-01,0,-3.268967e-05,5.831553e-01,3.192363e-01,-6.783700e-01,-3.073582e-01,1.453032e-01,-1.981206e-01,4.570277e-01,5.713320e-02,-6.388900e-01,-2.513914e-01,-1.879309e+00,1.231861e+00,-2.930556e-03,-1.123227e-02,0
1.328098e-04,-1.872782e+01,-2.686823e-01,4.006553e+00,7.760508e+00,-3.493856e+00,-3.904405e+00,7.195459e+00,2.293900e+00,3.562935e+00,2.142511e+00,2.596583e+00,3.027238e+00,6.972222e-02,2.102676e-01,0,-2.322983e-05,7.466992e-01,1.137495e+00,1.387590e-01,6.868573e-02,4.166796e-01,1.184197e-01,4.328074e-02,-1.554640e-01,-1.442868e+00,-5.834707e-01,-1.218751e+00,1.157144e+00,-1.108333e-02,-1.655175e-02,0
1.196818e-04,-1.774333e+01,1.561992e+00,5.138403e+00,8.477211e+00,-2.696283e+00,-2.780917e+00,7.847289e+00,2.087319e+00,7.111993e-01,1.368139e+00,2.393611e+00,4.333933e+00,4.500000e-02,2.104493e-01,0,-1.502790e-05,6.325709e-01,1.477781e+00,1.147163e+00,2.699767e-01,8.033501e-01,2.889509e-01,-2.380371e-02,-3.034599e-01,-1.888727e+00,-7.467127e-01,4.115401e-01,5.261492e-01,-1.397222e-02,-1.874468e-02,0
1.066733e-04,-1.713631e+01,3.662479e+00,6.832232e+00,8.301536e+00,-2.176981e+00,-3.092668e+00,7.022391e+00,1.435130e+00,-6.079490e-01,-1.565711e-02,3.076431e+00,3.525438e+00,2.638889e-02,1.733748e-01,0,-9.855661e-06,2.064411e-01,1.073146e+00,1.390888e+00,-8.963070e-02,5.790924e-01,-5.519845e-02,-2.802414e-01,-2.956469e-01,-1.735032e+00,-7.375348e-01,2.138408e+00,3.917101e-01,-6.763889e-03,-1.198432e-02,0
1.012081e-04,-1.734152e+01,4.206098e+00,8.867101e+00,8.480264e+00,-3.369592e-01,-3.018386e+00,7.090162e+00,1.053776e+00,-3.379876e+00,-5.353534e-01,8.031274e+00,3.792105e+00,2.625000e-02,1.826218e-01,0,-7.871828e-06,-1.504540e-01,2.890204e-01,1.144310e+00,-2.003520e-01,2.898269e-01,-4.046829e-01,-7.776653e-01,9.033727e-03,-8.324248e-01,-1.574063e-01,2.345274e+00,3.345920e-01,4.138889e-03,-1.380835e-02,0
9.276829e-05,-1.789652e+01,3.774994e+00,9.096645e+00,7.310828e+00,-1.778055e+00,-4.061663e+00,6.172815e+00,1.332437e+00,-3.066689e+00,-5.934175e-01,1.046979e+01,5.256702e+00,4.527777e-02,1.642598e-01,0,-5.887859e-06,-2.903648e-01,-1.930675e-01,6.027626e-01,-5.668015e-02,3.432742e-01,9.502695e-02,-1.203946e+00,1.853326e-01,2.868370e-01,1.458671e-01,1.126371e+00,2.243919e-02,7.777779e-03,-9.551236e-03,0
8.727514e-05,-1.811550e+01,2.950836e+00,9.727749e+00,7.970805e+00,-1.446611e+00,-4.319834e+00,4.383750e+00,2.183835e+00,-2.221554e+00,8.699872e-01,1.042330e+01,5.141261e+00,5.625000e-02,1.459651e-01,0,-4.483338e-06,-2.731457e-02,-7.996766e-02,1.098590e-01,-7.519460e-02,8.355210e-01,7.947450e-01,-9.879721e-01,3.632376e-01,1.292374e+00,2.473279e-01,-5.762830e-01,-9.011327e-01,1.166667e-03,-1.024338e-02,0
8.420047e-05,-1.820115e+01,3.324772e+00,9.415721e+00,8.272864e+00,9.421555e-02,-1.966809e+00,2.355867e+00,1.796764e+00,2.470750e-01,1.100802e-02,7.512271e+00,2.963056e+00,5.027778e-02,1.439470e-01,0,-2.329706e-06,2.778883e-01,2.766967e-01,-7.123251e-02,-2.395785e-01,1.759468e+00,1.582049e+00,5.724397e-02,2.131966e-01,1.349420e+00,-8.095537e-02,-1.300731e+00,-1.312501e+00,-7.805555e-03,-4.329673e-03,0
8.307532e-05,-1.732578e+01,4.031371e+00,9.256858e+00,7.623272e+00,2.904510e+00,-9.208777e-02,4.058775e+00,2.637801e+00,1.425113e+00,3.990732e-01,6.628618e+00,4.332645e-01,2.958333e-02,1.415613e-01,0,-1.206232e-06,5.061037e-01,5.796479e-01,-3.787804e-01,-9.165580e-01,1.618786e+00,9.726370e-01,9.385238e-01,1.404151e-02,6.417537e-01,-7.542868e-01,-1.136588e+00,-8.253322e-01,-1.048611e-02,3.139794e-04,0
8.321967e-05,-1.690194e+01,4.618210e+00,8.975928e+00,6.286701e+00,4.843726e+00,1.734711e+00,6.621522e+00,2.171437e+00,1.857079e+00,-7.627373e-01,5.863476e+00,1.048195e+00,1.958334e-02,1.448133e-01,0,-7.794108e-07,4.937040e-01,7.364066e-01,-3.255488e-01,-1.128166e+00,8.744141e-01,-5.635185e-02,1.103021e+00,-5.082462e-01,-5.854489e-01,-1.030632e+00,-6.593357e-01,1.017617e-01,-4.819444e-03,3.611863e-04,0
8.173438e-05,-1.623459e+01,5.202357e+00,8.053743e+00,4.381096e+00,4.272564e+00,-1.307409e+00,6.943541e+00,2.066706e+00,1.822126e-01,-2.514574e+00,5.564760e+00,1.972030e+00,1.916667e-02,1.471018e-01,0,-9.949326e-07,2.816639e-01,6.230103e-01,-4.480855e-01,-1.044211e+00,-2.374623e-01,-8.604189e-01,3.310029e-01,-8.997828e-01,-1.305318e+00,-9.731885e-01,-5.325434e-01,1.657112e-01,5.125000e-03,-1.051307e-04,0
8.097388e-05,-1.627823e+01,6.421312e+00,8.389534e+00,4.253124e+00,3.782259e+00,-1.640908e+00,6.428589e+00,-4.589197e-01,-2.058720e+00,-3.685329e+00,4.747522e+00,2.702482e+00,3.138889e-02,1.429827e-01,0,-1.021841e-06,3.825798e-02,2.641371e-01,-5.140418e-01,-7.410656e-01,-1.009705e+00,-8.887621e-01,-3.245143e-01,-7.738234e-01,-1.367182e+00,1.934862e-01,-2.520623e-01,-3.717000e-01,1.262500e-02,6.876379e-04,0
7.922355e-05,-1.622932e+01,6.244872e+00,7.309628e+00,3.419005e+00,2.247932e+00,-2.706372e+00,5.810256e+00,-5.459347e-01,-3.143581e+00,-3.005573e+00,4.523879e+00,4.346770e-01,4.930556e-02,1.419509e-01,0,-8.829637e-07,-1.011684e-01,-1.520190e-01,-2.839742e-01,-3.178231e-01,-9.175628e-01,-3.845343e-01,-4.566917e-01,-3.661522e-01,-6.988622e-01,9.119242e-01,-6.458354e-02,-7.167677e-01,1.523611e-02,8.665413e-04,0
7.936588e-05,-1.671328e+01,5.417638e+00,6.777777e+00,3.062419e+00,8.075149e-01,-2.009617e+00,5.565593e+00,-3.913605e-01,-3.315933e+00,4.501934e-01,5.123606e+00,-4.162824e-02,6.763890e-02,1.508269e-01,0,-1.027356e-06,-1.425934e-02,-3.645347e-01,-1.226627e-01,-9.673004e-02,-3.638862e-01,-4.549842e-01,-6.233914e-01,-2.987242e-01,-3.337920e-01,6.815216e-01,-1.707892e-01,-5.308507e-01,1.137500e-02,1.698330e-04,0
7.812356e-05,-1.652290e+01,4.944098e+00,7.439751e+00,3.387333e+00,1.172122e+00,-3.045726e+00,5.091581e+00,2.021652e-01,-2.683492e+00,-2.271414e-02,5.053801e+00,-2.397531e-01,7.722222e-02,1.475124e-01,0,-9.078205e-07,8.922024e-02,-9.191189e-02,9.975934e-02,-2.887013e-02,4.516094e-01,-4.358537e-01,-3.914387e-01,-6.091427e-01,-4.538028e-01,-8.653107e-02,-3.762533e-01,-7.772292e-02,5.388887e-03,-3.359725e-03,0
7.638710e-05,-1.620273e+01,5.249025e+00,7.711159e+00,3.785310e+00,2.500733e+00,-3.746152e+00,3.670970e+00,-2.326591e+00,-3.957724e+00,-1.769151e+00,3.628615e+00,3.854438e-01,7.430556e-02,1.410511e-01,0,-4.250840e-07,1.835636e-01,1.008701e-01,-1.910453e-01,-4.005153e-01,5.393975e-01,-6.335870e-01,-3.722785e-01,-9.575893e-01,-9.444477e-01,-5.651824e-01,-5.695268e-01,-2.060890e-01,3.194436e-04,-6.179373e-03,0
7.617384e-05,-1.603849e+01,5.869619e+00,7.341733e+00,2.913209e+00,3.659370e+00,-4.017374e+00,4.800375e+00,-2.624033e+00,-5.091699e+00,-2.328556e+00,3.390107e+00,-1.674736e-01,7.291666e-02,1.300402e-01,0,5.662783e-07,1.628277e-01,3.432892e-01,-4.450249e-01,-6.155593e-01,3.565525e-01,-2.799749e-03,9.108486e-02,-8.967031e-01,-1.153549e+00,-1.305546e-01,5.840538e-02,-2.264169e-01,-9.027779e-04,-2.334744e-03,0
7.821532e-05,-1.603767e+01,5.459229e+00,5.871559e+00,1.296905e+00,2.260878e+00,-4.691728e+00,3.849804e+00,-3.766208e+00,-6.834068e+00,-1.222797e+00,3.107819e+00,-1.108213e+00,7.138889e-02,1.286662e-01,0,4.404588e-06,1.285682e-01,5.441779e-01,-4.508146e-01,-3.055252e-01,2.051484e-01,-1.771290e-01,4.164445e-01,-6.911994e-01,-7.071899e-01,-5.050403e-01,2.019656e-02,-1.425450e-01,6.805539e-04,2.586273e-02,0
8.004084e-05,-1.579130e+01,6.555443e+00,6.134426e+00,1.553739e+00,3.074812e+00,-2.586936e+00,5.457588e+00,-3.561542e+00,-7.013067e+00,-9.486640e-01,5.606225e+00,-6.250092e-01,7.416666e-02,1.420311e-01,0,1.168975e-05,-4.642038e-02,6.243044e-01,-3.957884e-01,8.541195e-02,8.513877e-01,-5.591378e-01,9.802241e-01,-3.593981e-01,3.454793e-01,-1.206422e+00,-6.309158e-01,1.882096e-01,2.708332e-03,6.905043e-02,0
9.647654e-05,-1.568349e+01,7.627003e+00,6.060740e+00,2.937419e+00,3.818754e+00,-5.347015e+00,5.424585e+00,-5.313833e+00,-6.532990e+00,-4.984298e+00,2.621538e+00,-9.851316e-02,7.708333e-02,2.643693e-01,0,1.664894e-05,-3.083077e-01,4.915353e-01,-3.504585e-01,-1.118723e-01,1.262534e+00,-1.398053e+00,1.434915e+00,4.029315e-01,1.743328e+00,-1.695857e+00,-1.546307e+00,5.141767e-01,2.749999e-03,9.166630e-02,0
1.254920e-04,-1.644768e+01,7.907254e+00,5.268201e+00,2.520012e+00,7.137371e+00,-6.485419e+00,8.914104e+00,-3.647211e+00,-3.514841e+00,-6.479914e+00,4.786681e-01,2.687246e-01,8.361111e-02,4.074408e-01,0,1.774954e-05,-6.166528e-01,3.793702e-02,-2.944473e-01,-1.052491e+00,1.334602e+00,-1.369306e+00,1.350686e+00,1.326072e+00,2.864787e+00,-6.626495e-01,-7.999649e-01,9.518741e-01,-5.555533e-04,6.450641e-02,0
1.387344e-04,-1.725101e+01,7.241000e+00,4.552379e+00,2.544073e-01,6.542267e+00,-9.732753e+00,9.296123e+00,-1.708716e+00,1.334616e-01,-6.936459e+00,-2.059937e+00,1.015803e+00,8.041666e-02,4.542928e-01,0,1.922600e-05,-8.728482e-01,-2.394412e-01,3.424596e-01,-1.888763e+00,1.124144e+00,-3.632299e-01,1.262407e+00,2.428218e+00,2.978405e+00,4.880461e-01,8.906096e-01,1.114781e+00,-3.888887e-03,2.317998e-03,0
1.476596e-04,-1.809080e+01,6.938129e+00,5.416370e+00,-2.367211e+00,8.386067e+00,-7.240597e+00,1.027525e+01,1.266258e+00,3.977642e+00,-3.285831e+00,3.947139e+00,3.577203e+00,6.972223e-02,3.696015e-01,0,3.552068e-05,-1.145723e+00,-4.440233e-01,1.207277e+00,-1.925553e+00,1.156259e+00,-4.717255e-03,8.879134e-01,2.680892e+00,2.048175e+00,9.509274e-01,2.281676e+00,1.200300e+00,-3.805555e-03,-4.006188e-02,0
1.815227e-04,-1.922617e+01,6.914359e+00,7.698953e+00,-4.062788e+00,8.815124e+00,-6.785576e+00,1.105605e+01,4.370521e+00,4.612795e+00,-4.141109e+00,5.340351e+00,3.821155e+00,6.458333e-02,2.948790e-01,0,6.718650e-05,-1.428441e+00,-7.096772e-01,1.576424e+00,-1.578136e+00,1.732561e+00,-2.808979e-01,1.081418e+00,1.877392e+00,5.717261e-01,5.100986e-01,1.830155e+00,8.510031e-01,1.277778e-03,-3.797670e-02,0
2.817012e-04,-2.118872e+01,5.850458e+00,9.731297e+00,-4.949154e+00,1.178224e+01,-7.982594e+00,1.247371e+01,6.717632e+00,4.486368e+00,-3.122952e+00,8.186903e+00,4.867546e+00,7.250000e-02,2.868383e-01,0,1.040773e-04,-1.586242e+00,-9.429470e-01,1.287271e+00,-9.644644e-01,1.822231e+00,-1.459370e+00,7.749065e-01,1.549247e-01,-3.742228e-01,-2.989157e-01,-1.303012e-01,5.264317e-01,7.194444e-03,-1.110484e-02,0
4.076461e-04,-2.284426e+01,4.236450e+00,1.027703e+01,-6.345300e+00,1.350699e+01,-1.076624e+01,1.360398e+01,4.952558e+00,2.737729e+00,-4.467406e+00,4.970955e+00,4.625647e+00,8.541667e-02,3.057909e-01,0,1.221749e-04,-1.434132e+00,-8.371051e-01,4.197401e-01,-4.023661e-01,1.609860e+00,-1.733392e+00,6.077714e-01,-1.335878e+00,-4.004232e-01,-4.209417e-01,-1.625041e+00,6.948395e-01,9.388888e-03,1.935095e-03,0
5.549844e-04,-2.421297e+01,3.562349e+00,1.056368e+01,-6.048277e+00,1.515129e+01,-1.254711e+01,1.287582e+01,1.749863e+00,3.044061e+00,-4.617261e+00,3.480330e+00,5.807116e+00,9.527778e-02,3.086213e-01,0,1.168681e-04,-9.409008e-01,-1.394040e-01,3.941536e-02,1.851518e-01,5.681624e-01,-1.105194e+00,1.395317e-01,-1.591635e+00,5.701639e-01,-3.454077e-01,-2.916905e+00,5.979252e-01,7.388888e-03,1.372987e-03,0
6.557554e-04,-2.488471e+01,3.872888e+00,9.381461e+00,-5.525057e+00,1.517990e+01,-1.317028e+01,1.389385e+01,1.750139e-01,3.331832e+00,-5.498662e+00,-4.315673e-01,6.825568e+00,1.001389e-01,2.936629e-01,0,8.274662e-05,-3.842287e-01,6.018523e-01,1.069446e-01,5.644473e-01,-3.481056e-01,-3.437372e-01,-6.325976e-01,-7.212106e-01,1.535327e+00,7.386792e-01,-2.392885e+00,8.978564e-01,4.430555e-03,-1.337087e-02,0
7.419870e-04,-2.487300e+01,5.335219e+00,1.037616e+01,-4.433517e+00,1.378660e+01,-1.230655e+01,1.302643e+01,1.148232e+00,7.040136e+00,-4.334362e+00,-3.696358e+00,6.757212e+00,1.020833e-01,2.997672e-01,0,3.922525e-05,2.641144e-02,6.031244e-01,2.954537e-01,4.806416e-01,-7.277395e-01,3.395046e-01,-1.350857e+00,4.512882e-02,1.743351e+00,1.722247e+00,-1.260847e+00,8.593273e-01,3.347224e-03,-2.013842e-02,0
7.278779e-04,-2.443538e+01,6.359276e+00,1.090552e+01,-4.330444e+00,1.244881e+01,-1.260521e+01,1.036569e+01,1.647320e+00,8.416325e+00,-9.154596e-01,-3.405125e+00,8.639881e+00,1.041667e-01,2.433636e-01,0,2.579946e-05,5.871906e-02,-1.094390e-01,5.467882e-02,2.665266e-01,-3.357831e-01,1.018399e-01,-2.015935e+00,-7.570089e-02,1.027446e+00,2.101399e+00,4.356938e-01,6.847168e-01,4.097225e-03,-2.446017e-02,0
7.150494e-04,-2.430557e+01,5.334776e+00,1.127892e+01,-4.242375e+00,1.287814e+01,-1.113212e+01,7.885617e+00,1.239354e+00,9.218567e+00,1.702371e+00,-1.337127e+00,9.196595e+00,1.100000e-01,2.330789e-01,0,5.377887e-05,-1.460117e-01,-9.660900e-01,-9.254705e-01,4.079971e-01,-5.212393e-02,-4.959394e-01,-1.593256e+00,-7.986170e-01,-2.484974e-01,1.036515e+00,1.776428e+00,-1.469252e-01,4.972224e-03,-1.643154e-02,0
7.982215e-04,-2.487483e+01,3.325914e+00,9.203474e+00,-4.287994e+00,1.395521e+01,-1.324829e+01,6.384584e+00,-2.490513e-01,7.379846e+00,1.989965e+00,5.672863e-01,9.029460e+00,1.166667e-01,2.047063e-01,0,1.437533e-04,-5.254263e-01,-1.145387e+00,-1.994561e+00,1.076376e+00,-7.702405e-01,-1.088862e+00,-1.676331e+00,-6.537163e-01,-8.025360e-01,-6.464972e-01,1.985140e+00,-1.725247e+00,4.597223e-03,-4.870668e-03,0
9.757096e-04,-2.538333e+01,2.021450e+00,6.599830e+00,-2.414756e+00,1.277277e+01,-1.446471e+01,7.050702e+00,-1.896667e+00,6.315888e+00,-6.044979e-01,3.199576e+00,5.827796e+00,1.206945e-01,2.369381e-01,0,2.460681e-04,-5.691336e-01,-6.447923e-01,-2.238652e+00,1.701226e+00,-2.060499e+00,-1.443414e+00,-2.632292e+00,-5.059793e-02,-1.128476e+00,-1.788375e+00,1.612245e+00,-2.925418e+00,1.458332e-03,-3.843336e-03,0
1.316314e-03,-2.652364e+01,2.289002e+00,3.272257e+00,1.376273e-01,8.650285e+00,-1.638323e+01,2.401490e+00,-5.325063e-02,5.854984e+00,-2.994511e+00,4.252222e+00,1.698047e+00,1.218056e-01,2.170806e-01,0,2.557744e-04,9.271288e-01,-1.660477e-01,-2.305589e+00,1.242907e+00,-3.376129e+00,-9.356667e-01,-4.365722e+00,7.358389e-01,-1.948125e+00,-1.901424e+00,7.752582e-01,-3.669948e+00,-5.625000e-03,-5.988990e-03,0
1.686344e-03,-2.632684e+01,2.629271e+00,3.051270e+00,2.050946e+00,5.228103e+00,-1.678172e+01,-3.284295e+00,8.884636e-01,4.338619e+00,-4.747268e+00,4.881628e+00,-1.764786e+00,1.147222e-01,2.076750e-01,0,2.287545e-04,3.210465e+00,-2.742340e-01,-2.215852e+00,-4.767431e-01,-3.589777e+00,-5.720650e-01,-5.247045e+00,9.280385e-01,-3.242478e+00,-1.384086e+00,9.850352e-02,-3.427772e+00,-1.580556e-02,8.576518e-03,0
1.721777e-03,-1.976743e+01,2.191765e+00,-5.501922e-01,-3.063118e-01,8.469031e-01,-1.676811e+01,-1.027653e+01,2.037578e+00,-1.372148e+00,-5.445772e+00,3.602552e+00,-5.523987e+00,9.152778e-02,1.893929e-01,0,1.463777e-04,5.309251e+00,-9.805326e-01,-2.597665e+00,-2.379499e+00,-3.321091e+00,-2.448509e-01,-4.387635e+00,5.327714e-01,-4.362187e+00,-1.267597e+00,-5.160284e-02,-2.973188e+00,-2.437500e-02,5.103250e-02,0
1.916751e-03,-1.270911e+01,6.988990e-01,-2.568205e+00,-4.576502e+00,-1.274417e+00,-1.713259e+01,-1.284551e+01,1.698111e+00,-6.282938e+00,-6.299299e+00,4.016929e+00,-7.700047e+00,5.680555e-02,2.936646e-01,0,1.167402e-04,5.161229e+00,-1.681312e+00,-2.539678e+00,-2.840207e+00,-2.727146e+00,-5.663032e-02,-3.188699e+00,3.650718e-01,-3.641423e+00,-1.131749e+00,2.296123e-01,-1.579631e+00,-2.595834e-02,9.789880e-02,1.431767e+01
1.932999e-03,-6.786242e+00,-1.648475e+00,-6.906328e+00,-8.446144e+00,-4.703907e+00,-1.743205e+01,-1.475608e+01,2.205783e+00,-1.064517e+01,-8.556479e+00,4.426557e+00,-1.020026e+01,2.888889e-02,4.292483e-01,0,8.160820e-05,3.151474e+00,-1.925376e+00,-1.417763e+00,-1.669113e+00,-1.939094e+00,2.028275e-03,-2.348999e+00,6.803149e-02,-1.288855e+00,-9.677542e-01,6.162795e-01,1.056471e-01,-1.944445e-02,1.192302e-01,3.577821e+01
2.164433e-03,-7.011284e+00,-3.857169e+00,-6.469053e+00,-8.080171e+00,-5.632220e+00,-1.673290e+01,-1.698801e+01,2.629720e+00,-9.231986e+00,-8.850661e+00,5.617687e+00,-7.324802e+00,1.625000e-02,5.772412e-01,7.158836e+01,-1.455932e-05,1.360012e+00,-1.777225e+00,-3.142605e-01,8.443175e-02,-1.534180e+00,4.219769e-01,-2.030602e+00,2.347770e-01,9.225088e-01,-5.043600e-01,6.942585e-01,1.468090e+00,-9.847222e-03,8.703846e-02,5.721476e+01
2.005976e-03,-6.858977e+00,-5.157078e+00,-5.688582e+00,-6.900042e+00,-6.669664e+00,-1.695782e+01,-1.995027e+01,1.911931e+00,-6.341896e+00,-9.008862e+00,5.883570e+00,-5.183374e+00,1.458333e-02,6.437556e-01,1.430968e+02,-1.105920e-04,4.802853e-01,-1.297236e+00,6.666597e-01,1.309265e+00,-7.390887e-01,7.930635e-01,-1.231100e+00,2.887206e-01,1.769844e+00,-3.420972e-01,-1.589163e-01,1.355618e+00,-2.652778e-03,3.176812e-02,5.716683e+01
1.807466e-03,-5.872683e+00,-6.432925e+00,-4.748381e+00,-4.927394e+00,-7.962438e+00,-1.525982e+01,-2.040142e+01,3.018922e+00,-3.822032e+00,-8.594908e+00,6.759715e+00,-2.868040e+00,1.472222e-02,6.216033e-01,2.145254e+02,-1.839463e-04,8.375503e-01,-6.895810e-01,3.895276e-01,1.147025e+00,-3.909765e-01,1.104092e+00,8.285497e-01,5.520547e-01,6.125418e-01,-9.096991e-01,-1.662228e+00,-4.721958e-01,3.472223e-04,-1.051728e-02,2.138063e+01
1.558523e-03,-4.954116e+00,-6.846779e+00,-4.433366e+00,-3.476206e+00,-7.234241e+00,-1.420327e+01,-1.920487e+01,3.454785e+00,-4.500932e+00,-1.039484e+01,3.060961e+00,-5.650555e+00,1.638889e-02,5.659080e-01,2.143656e+02,-1.286268e-04,6.935349e-01,5.054464e-02,4.013038e-02,2.397364e-01,9.650626e-02,9.723379e-01,2.961218e+00,3.963699e-01,-5.421103e-01,-1.507568e+00,-3.206843e+00,-2.089339e+00,8.472224e-04,-2.563097e-02,-2.150048e+01
1.468429e-03,-3.775962e+00,-6.460224e+00,-5.149023e+00,-4.056961e+00,-7.304813e+00,-1.258971e+01,-1.321796e+01,4.618567e+00,-7.089759e+00,-1.270617e+01,-1.282150e+00,-9.452190e+00,1.708333e-02,5.635787e-01,1.428571e+02,1.028564e-05,-1.388719e-01,8.914371e-01,-1.288691e-01,-1.043802e+00,4.947604e-01,4.239798e-02,4.226798e+00,-5.774822e-02,-4.516996e-01,-1.692477e+00,-3.750407e+00,-2.873631e+00,1.347222e-03,-3.122373e-02,-5.719878e+01
1.532361e-03,-4.439663e+00,-4.890706e+00,-5.287609e+00,-6.136576e+00,-6.515945e+00,-1.343118e+01,-8.735908e+00,3.093958e+00,-7.418584e+00,-1.449107e+01,-6.129714e+00,-1.233799e+01,1.763889e-02,5.446131e-01,7.142857e+01,2.030128e-04,-1.496959e+00,1.400391e+00,-4.130506e-03,-1.858799e+00,6.564320e-01,-6.885163e-01,3.711472e+00,-6.157104e-01,1.087483e+00,-1.078567e+00,-2.642988e+00,-2.297213e+00,2.958334e-03,-5.730524e-02,-5.715884e+01
1.871975e-03,-6.824269e+00,-2.953776e+00,-4.965605e+00,-8.816220e+00,-5.847785e+00,-1.543388e+01,-4.501915e+00,2.910594e+00,-4.621704e+00,-1.500918e+01,-7.396986e+00,-1.389248e+01,2.083333e-02,4.761321e-01,0,3.962310e-04,-2.854905e+00,1.489487e+00,3.353054e-01,-1.839170e+00,7.346333e-01,-8.760167e-01,1.794400e+00,-8.275651e-01,3.109088e+00,4.418471e-01,-1.337264e+00,-1.231945e+00,5.777778e-03,-9.055649e-02,-3.571429e+01
2.371814e-03,-1.091476e+01,-1.598047e+00,-4.545727e+00,-1.039057e+01,-4.680596e+00,-1.622377e+01,-5.005540e+00,1.230219e+00,-2.975435e-01,-1.463617e+01,-7.096563e+00,-1.491648e+01,2.930556e-02,3.231050e-01,0,5.861883e-04,-3.431815e+00,1.171482e+00,7.806543e-01,-1.566659e+00,3.463557e-01,6.062965e-02,-1.241940e-01,-8.485994e-01,3.832310e+00,1.923754e+00,-1.693947e-01,-3.915444e-01,8.930555e-03,-9.523134e-02,-1.428572e+01
3.029858e-03,-1.481294e+01,-6.591166e-01,-3.843437e+00,-1.112581e+01,-4.549322e+00,-1.557350e+01,-6.111149e+00,1.412611e+00,4.895162e+00,-1.042438e+01,-7.485046e+00,-1.432268e+01,4.013889e-02,2.215502e-01,0,7.644579e-04,-3.264367e+00,9.014242e-01,1.310682e+00,-1.391042e+00,1.185150e-02,1.052150e+00,-1.081127e+00,-9.708470e-01,2.764570e+00,2.945093e+00,1.519072e-01,4.029283e-01,1.094444e-02,-6.997503e-02,0
3.884361e-03,-1.760440e+01,-1.806250e-01,-1.945422e+00,-1.281507e+01,-5.433398e+00,-1.305822e+01,-8.552260e+00,-4.000472e-01,6.984537e+00,-7.164703e+00,-6.932657e+00,-1.408062e+01,5.263889e-02,1.957472e-01,0,9.989066e-04,-2.701398e+00,8.363749e-01,2.081380e+00,-1.428838e+00,2.146989e-01,1.751443e+00,-4.820681e-01,-1.910510e-01,6.670730e-01,2.328641e+00,9.060273e-02,5.180424e-01,1.201389e-02,-3.042326e-02,0
4.937990e-03,-1.980128e+01,8.446336e-01,2.876516e-01,-1.455918e+01,-5.412126e+00,-1.175591e+01,-8.134191e+00,-1.128507e+00,5.560105e+00,-4.019451e+00,-6.719403e+00,-1.229576e+01,6.388889e-02,1.899358e-01,0,1.148287e-03,-2.193206e+00,9.601238e-01,2.514599e+00,-1.207926e+00,8.959944e-01,1.424438e+00,5.770405e-01,7.011589e-01,-7.787003e-01,1.210820e+00,-1.892777e-01,3.972001e-01,1.198611e-02,-8.274485e-03,0
6.412280e-03,-2.192757e+01,1.831953e+00,3.795627e+00,-1.581808e+01,-3.175699e+00,-9.375358e+00,-6.404360e+00,1.545523e+00,2.705350e+00,-6.195429e+00,-7.026371e+00,-1.333972e+01,7.750000e-02,1.867959e-01,0,1.087644e-03,-1.869268e+00,9.980525e-01,2.373409e+00,-5.249081e-01,1.468480e+00,9.229415e-01,1.363933e+00,2.037462e+00,-8.875993e-01,6.246307e-01,-5.728551e-01,6.989687e-01,1.101389e-02,5.552060e-03,0
7.507332e-03,-2.361738e+01,3.135214e+00,5.859033e+00,-1.566394e+01,-1.198199e+00,-1.029274e+01,-4.299897e+00,3.945620e+00,3.141253e+00,-4.854917e+00,-8.384578e+00,-1.270712e+01,8.763889e-02,1.846534e-01,0,7.489146e-04,-1.470112e+00,8.651520e-01,1.543234e+00,2.374120e-01,1.558029e+00,3.161392e-01,9.108847e-01,1.726726e+00,-5.013010e-01,1.065318e+00,4.561071e-02,1.506613e+00,8.694445e-03,2.307587e-02,0
8.037913e-03,-2.504269e+01,3.664347e+00,7.135931e+00,-1.488723e+01,-1.979595e-01,-9.175094e+00,-3.649740e+00,7.250198e+00,3.755965e+00,-3.623817e+00,-8.964345e+00,-1.038009e+01,9.583333e-02,2.261487e-01,0,2.803262e-04,-1.075185e+00,6.305237e-01,4.088731e-01,8.992624e-01,1.569543e+00,-4.417728e-01,-1.943465e-01,2.775010e-01,-9.331837e-01,1.734046e+00,1.215201e+00,2.670198e+00,5.555555e-03,3.322276e-02,0
7.869747e-03,-2.559429e+01,4.254196e+00,6.333671e+00,-1.383754e+01,8.891497e-01,-1.027534e+01,-4.957077e+00,4.652784e+00,2.528292e+00,2.133268e-02,-5.522362e+00,-6.242515e+00,9.819444e-02,2.856388e-01,0,-6.164522e-05,-7.758137e-01,3.475726e-01,-1.865568e-01,1.311914e+00,1.768910e+00,-8.263929e-01,-1.466148e+00,-1.799582e+00,-1.926398e+00,1.409179e+00,1.876667e+00,2.602156e+00,2.972222e-03,2.833570e-02,0
7.632704e-03,-2.631505e+01,4.425080e+00,5.602674e+00,-1.223497e+01,3.628340e+00,-1.159292e+01,-7.047503e+00,2.579447e+00,-1.654088e+00,3.667426e-02,-2.381472e+00,-3.221034e+00,1.000000e-01,3.024171e-01,0,-4.080111e-04,-4.397474e-01,3.551486e-01,-1.773538e-01,1.848014e+00,1.911443e+00,-1.109972e+00,-2.502775e+00,-3.104809e+00,-1.895216e+00,1.076394e+00,1.671478e+00,1.865064e+00,1.138890e-03,4.621985e-03,0
7.401710e-03,-2.686028e+01,4.492711e+00,5.692877e+00,-1.043050e+01,5.733202e+00,-1.321579e+01,-9.931754e+00,-2.716912e+00,-3.785709e+00,3.607315e-01,-2.292681e+00,-3.275870e+00,1.004167e-01,2.881978e-01,0,-7.685224e-04,4.523556e-01,5.055665e-01,3.118645e-01,2.115468e+00,7.903768e-01,-1.160665e+00,-3.419364e+00,-2.625084e+00,-7.510499e-01,4.129413e-01,-8.332255e-02,6.476086e-01,-1.319444e-03,-9.930464e-03,0
6.231876e-03,-2.660843e+01,5.320833e+00,6.569559e+00,-7.350681e+00,6.937231e+00,-1.325473e+01,-1.367627e+01,-4.588997e+00,-2.563113e+00,1.588454e+00,-2.221797e+00,-2.538093e+00,1.004167e-01,2.479792e-01,0,-1.166516e-03,2.017459e+00,7.597505e-01,7.532045e-01,2.234110e+00,-1.306252e+00,-1.819862e+00,-4.142107e+00,-8.210815e-01,1.047086e+00,2.621600e-01,-1.009913e+00,2.442749e-01,-6.180556e-03,-1.522507e-02,0
4.727548e-03,-2.318581e+01,6.334152e+00,7.409551e+00,-5.702343e+00,3.186588e+00,-1.524776e+01,-1.873951e+01,-4.888414e+00,-7.724444e-01,1.310149e+00,-6.018812e+00,-3.345943e+00,9.138889e-02,2.632054e-01,0,-1.314387e-03,3.479380e+00,8.022381e-01,7.533084e-01,1.961707e+00,-3.311138e+00,-2.797286e+00,-3.808486e+00,1.242465e+00,1.579568e+00,-3.966677e-01,-1.577953e+00,4.681493e-01,-1.212500e-02,-1.384421e-02,0
3.137207e-03,-1.806498e+01,7.303112e+00,8.510360e+00,-3.428497e+00,-1.629615e+00,-1.967625e+01,-2.335416e+01,-4.402097e-01,2.074711e+00,8.727654e-01,-5.567973e+00,-1.964623e+00,7.361111e-02,2.387879e-01,0,-1.074759e-03,3.763379e+00,4.251714e-01,4.638190e-01,1.604352e+00,-3.799478e+00,-3.176971e+00,-2.202130e+00,2.038405e+00,1.070849e+00,-7.490014e-01,-8.280840e-01,8.990942e-01,-1.595833e-02,-1.385436e-02,0
2.377108e-03,-1.373510e+01,7.512762e+00,8.489018e+00,-2.583059e+00,-6.539065e+00,-2.399146e+01,-2.413524e+01,1.421022e+00,1.793219e+00,-1.264763e+00,-8.509356e+00,-1.221858e+00,5.319444e-02,2.235724e-01,0,-6.748540e-04,2.687390e+00,-4.124594e-03,4.250945e-01,1.369233e+00,-2.645492e+00,-2.389369e+00,2.518835e-01,1.523606e+00,-5.583825e-01,-8.931829e-01,5.139880e-01,1.184861e+00,-1.505555e-02,-1.420464e-02,0
2.033301e-03,-1.251690e+01,6.857385e+00,8.348920e+00,-8.885634e-01,-7.197334e+00,-2.476774e+01,-2.198906e+01,2.448309e+00,1.508300e+00,-8.690968e-01,-5.116945e+00,8.953359e-01,3.972222e-02,1.985239e-01,0,-3.240714e-04,1.151049e+00,-3.813019e-01,5.416158e-01,8.218201e-01,-1.456093e+00,-1.258125e+00,2.203792e+00,8.677719e-01,-1.996397e+00,-1.049495e+00,6.899160e-01,4.486123e-01,-1.101389e-02,-9.221640e-03,0
1.905231e-03,-1.252291e+01,6.536393e+00,9.615744e+00,-1.261430e-01,-7.257014e+00,-2.464887e+01,-1.816264e+01,1.285357e+00,-3.281152e+00,-2.284834e+00,-3.674386e+00,1.148384e+00,3.305556e-02,2.123143e-01,0,-1.830873e-04,1.835492e-01,-4.585654e-01,9.774187e-01,3.852894e-01,-9.627901e-01,-3.280840e-01,2.953930e+00,5.246319e-01,-2.513035e+00,-9.089085e-01,4.983326e-01,5.581653e-02,-6.750000e-03,-6.772073e-03,0
1.752789e-03,-1.291583e+01,5.884787e+00,1.065508e+01,-5.478542e-01,-8.551106e+00,-2.563818e+01,-1.532150e+01,3.966482e+00,-5.370089e+00,-3.864676e+00,-4.535878e+00,-9.066830e-01,2.861111e-02,1.983088e-01,0,-1.851614e-04,-2.331963e-02,-3.525571e-01,9.290768e-01,-1.002837e-01,-1.647230e+00,-2.914444e-01,2.763555e+00,2.285641e-01,-1.667173e+00,-5.437037e-01,-9.858502e-01,-5.892143e-01,-3.777778e-03,-4.737520e-03,0
1.601928e-03,-1.261789e+01,5.706234e+00,1.222303e+01,-8.269660e-01,-1.067613e+01,-2.519666e+01,-1.269937e+01,3.285094e+00,-7.332760e+00,-4.311515e+00,-6.308227e+00,-4.176609e-02,2.500000e-02,1.898196e-01,0,-2.194297e-04,4.472799e-02,-2.563766e-01,5.457309e-01,-1.239824e-01,-1.888695e+00,-2.717649e-01,1.993750e+00,3.629678e-01,5.888733e-01,7.910542e-01,-7.977321e-01,-3.905590e-01,-1.125000e-03,-8.189365e-04,0
1.259146e-03,-1.258600e+01,5.509679e+00,1.169066e+01,-1.039570e+00,-1.372393e+01,-2.595106e+01,-1.090292e+01,2.591261e+00,-4.801760e+00,-2.574274e+00,-8.729276e+00,-1.455660e+00,2.486111e-02,1.860836e-01,0,-2.119877e-04,3.079414e-04,-6.085930e-02,2.108330e-01,9.748503e-02,-1.179291e+00,-6.237841e-01,1.411867e+00,6.473086e-01,1.902791e+00,1.760358e+00,-7.722835e-02,-3.160425e-01,2.236111e-03,8.265153e-03,0
1.054904e-03,-1.246418e+01,5.442064e+00,1.182661e+01,-5.001968e-01,-1.411408e+01,-2.585125e+01,-1.040318e+01,3.787807e+00,-6.209499e-01,1.025236e+00,-5.566348e+00,-5.299225e-01,2.930556e-02,2.143321e-01,0,1.658331e-05,-6.439782e-01,2.297444e-01,-1.264472e-01,2.433575e-01,7.430226e-01,-1.626909e+00,6.007551e-01,1.769971e+00,2.836071e+00,1.569977e+00,8.820561e-01,-2.686377e-01,6.861110e-03,1.460842e-02,0
9.663618e-04,-1.299115e+01,5.712575e+00,1.190745e+01,-2.238137e-01,-1.272859e+01,-2.842980e+01,-9.410258e+00,6.951669e+00,7.879596e-01,2.268741e+00,-5.292959e+00,-2.242817e+00,3.763889e-02,2.273782e-01,0,5.462597e-04,-1.616725e+00,5.957447e-01,-1.941789e-01,2.095002e-01,2.698874e+00,-2.624348e+00,-7.539081e-03,2.334814e+00,2.465188e+00,-1.066633e-01,9.328497e-01,1.843661e-01,1.211111e-02,1.418133e-02,0
1.831236e-03,-1.563521e+01,6.753508e+00,1.148240e+01,-1.805655e-02,-7.458684e+00,-3.209184e+01,-1.044193e+01,9.954745e+00,4.052732e+00,1.116862e+00,-3.616105e+00,-9.913765e-01,5.291666e-02,2.422144e-01,0,1.220893e-03,-2.636937e+00,8.240056e-01,-6.765898e-01,-8.925617e-02,3.712287e+00,-2.861022e+00,-1.081561e-01,1.699516e+00,1.622944e+00,-2.179788e+00,2.355262e-01,4.032417e-01,1.665278e-02,5.920789e-03,0
3.602279e-03,-1.908412e+01,7.832681e+00,1.089187e+01,-2.331391e-01,-3.557250e+00,-3.595250e+01,-1.092124e+01,1.118186e+01,5.187338e+00,-3.153404e+00,-5.040149e+00,-3.031029e-01,7.361111e-02,2.430492e-01,0,1.739524e-03,-3.017656e+00,7.316209e-01,-1.146567e+00,-2.489686e-01,3.432387e+00,-1.976247e+00,9.915619e-02,6.811964e-01,7.259861e-01,-3.125549e+00,-5.670421e-02,9.654911e-01,1.819445e-02,1.284573e-03,0
5.841412e-03,-2.260238e+01,8.502039e+00,8.951451e+00,-9.418149e-01,-1.383123e-01,-3.639501e+01,-1.018847e+01,1.017029e+01,5.294080e+00,-7.162632e+00,-4.515122e+00,5.164287e-01,9.458333e-02,2.361006e-01,0,1.707356e-03,-2.584348e+00,6.473864e-01,-1.148671e+00,-3.071074e-01,2.331336e+00,-6.774880e-01,7.494688e-01,-8.793956e-01,-8.649201e-01,-2.503299e+00,1.343375e-01,7.758390e-01,1.544445e-02,-1.618952e-03,0
7.658895e-03,-2.459584e+01,8.496414e+00,7.440094e+00,-1.006778e+00,7.731593e-01,-3.615945e+01,-9.041207e+00,1.024988e+01,3.797216e+00,-9.219256e+00,-5.126972e+00,1.830736e+00,1.077778e-01,2.368580e-01,0,1.151726e-03,-1.854761e+00,6.331481e-01,-8.493773e-01,-1.628900e-01,1.243094e+00,2.281582e-01,5.532659e-01,-1.359114e+00,-1.481153e+00,-1.091863e+00,4.379929e-01,6.528085e-01,9.569446e-03,-1.436204e-04,0
8.339707e-03,-2.580109e+01,9.658573e+00,7.464930e+00,-1.166774e+00,2.032792e+00,-3.537580e+01,-7.634603e+00,6.023759e+00,4.231921e-01,-8.366704e+00,-2.901006e+00,1.820899e+00,1.130556e-01,2.372152e-01,0,3.355198e-04,-1.098267e+00,6.955000e-01,-2.483196e-01,9.171145e-02,4.117940e-01,3.436325e-01,-3.803749e-02,-1.081817e+00,-1.827756e+00,1.973335e-01,7.970874e-02,4.262573e-01,3.083333e-03,-1.424712e-03,0
8.111762e-03,-2.675857e+01,1.042015e+01,7.388242e+00,-9.351093e-01,1.572667e+00,-3.532132e+01,-9.431846e+00,6.459557e+00,2.170151e-01,-8.010681e+00,-3.657243e+00,2.308704e+00,1.122222e-01,2.417738e-01,0,-5.148347e-04,-4.573523e-01,3.334004e-01,-9.062815e-03,5.574416e-01,-2.845734e-01,5.288769e-01,-4.831803e-01,5.584683e-02,-1.537235e+00,6.745206e-01,-1.509768e-01,6.319130e-01,-1.555556e-03,-7.119732e-03,0
7.292578e-03,-2.701235e+01,1.101767e+01,7.735779e+00,-5.190918e-01,1.520904e+00,-3.509592e+01,-1.018334e+01,6.656368e+00,-2.054601e+00,-6.780252e+00,-4.851443e+00,2.408731e+00,1.077778e-01,2.265192e-01,0,-1.113483e-03,6.027134e-01,-1.809213e-01,1.262074e-01,1.418334e+00,-1.456004e+00,3.252716e-01,-5.753227e-01,8.340300e-01,-1.078888e+00,4.785686e-01,-8.296145e-01,5.633823e-01,-5.375000e-03,-9.303302e-03,0
5.608286e-03,-2.627697e+01,9.483869e+00,7.259355e+00,1.456589e+00,-3.937636e-01,-3.365501e+01,-1.018274e+01,1.021281e+01,-2.650064e+00,-6.639880e+00,-4.906637e+00,4.696385e+00,1.026389e-01,2.066073e-01,0,-1.351368e-03,2.097234e+00,-6.660676e-01,6.434988e-01,1.788359e+00,-2.933647e+00,3.593807e-01,-2.332552e-01,-1.656781e-01,-1.474940e+00,2.338436e-01,-2.889641e-01,-6.858690e-02,-9.902777e-03,-6.508539e-03,0
4.024032e-03,-2.302832e+01,9.222110e+00,8.160411e+00,4.729044e+00,-4.264014e+00,-3.458260e+01,-1.013577e+01,8.317284e+00,-3.537708e+00,-6.659262e+00,-6.424381e+00,3.443970e+00,9.097222e-02,2.082819e-01,0,-1.103457e-03,3.332214e+00,-8.969401e-01,1.335313e+00,1.463529e+00,-4.388757e+00,-1.669312e-03,-3.638107e-01,-2.203087e+00,-2.332925e+00,1.287272e-01,1.723463e-01,-1.321379e+00,-1.581945e-02,1.491755e-02,0
2.989194e-03,-1.826441e+01,7.987596e+00,1.039342e+01,5.382618e+00,-1.020311e+01,-3.378107e+01,-1.062191e+01,4.800709e+00,-6.416130e+00,-6.901958e+00,-4.315594e+00,1.448150e+00,7.111111e-02,2.183497e-01,0,-4.971082e-04,3.530091e+00,-8.981813e-01,2.073670e+00,-1.676700e-02,-4.707237e+00,-2.534531e-01,-3.382218e-01,-3.865329e+00,-3.756228e+00,3.484032e-01,9.452394e-01,-2.426558e+00,-1.987500e-02,3.777637e-02,0
3.084839e-03,-1.435756e+01,7.281105e+00,1.284531e+01,4.835539e+00,-1.551821e+01,-3.504123e+01,-1.178281e+01,-1.653019e+00,-1.183619e+01,-6.005577e+00,-4.285233e+00,-2.574045e+00,4.444444e-02,2.952358e-01,0,-3.284234e-05,2.561306e+00,-9.144384e-01,2.265826e+00,-1.342270e+00,-3.549517e+00,-4.801102e-02,-1.081319e-01,-3.671590e+00,-4.094799e+00,6.886987e-01,1.154557e+00,-2.594733e+00,-1.856944e-02,5.573871e-02,0
3.592341e-03,-1.296190e+01,5.963464e+00,1.528525e+01,1.319507e+00,-1.830285e+01,-3.469296e+01,-1.105033e+01,-4.128684e+00,-1.728196e+01,-5.224706e+00,-1.250014e+00,-4.427397e+00,2.652778e-02,3.520123e-01,0,6.229473e-05,1.239734e+00,-6.363317e-01,1.931807e+00,-1.492297e+00,-1.621748e+00,5.398709e-01,5.598040e-01,-2.524070e+00,-2.944717e+00,9.002539e-01,5.484604e-01,-1.961499e+00,-1.226389e-02,4.357918e-02,0
3.558246e-03,-1.287305e+01,5.661984e+00,1.704363e+01,4.925256e-02,-1.796173e+01,-3.436671e+01,-1.046222e+01,-5.575969e+00,-1.857879e+01,-4.054394e+00,-2.184383e+00,-6.591923e+00,2.041667e-02,4.201442e-01,0,-2.154327e-04,3.804373e-01,-5.858586e-01,1.138135e+00,-5.212639e-01,-6.283150e-02,1.841154e+00,1.379358e+00,-9.441160e-01,-6.455229e-01,1.131125e+00,-2.805223e-01,-6.976565e-01,-4.166666e-03,1.144852e-02,0
3.063964e-03,-1.280800e+01,5.615498e+00,1.795330e+01,3.142749e-01,-1.709009e+01,-3.141898e+01,-8.483183e+00,-5.858164e+00,-1.776842e+01,-3.376280e+00,-2.623717e+00,-6.350404e+00,2.180555e-02,3.737914e-01,0,-5.124590e-04,1.788310e-01,-5.672962e-01,1.346880e-01,8.047214e-01,2.694859e-01,2.332966e+00,2.136753e+00,1.580933e-01,1.368012e+00,1.272139e+00,-1.267828e+00,1.548927e-01,7.777776e-04,-1.577843e-02,0
2.271865e-03,-1.253232e+01,4.525795e+00,1.720196e+01,2.731836e+00,-1.643875e+01,-2.747245e+01,-6.169594e+00,-5.508859e+00,-1.482058e+01,-1.274166e+00,-5.000993e+00,-5.100824e+00,2.597222e-02,3.415888e-01,0,-5.586927e-04,2.793648e-01,-5.448627e-01,-7.098612e-01,8.638847e-01,-2.781736e-01,1.827161e+00,2.188901e+00,1.174405e+00,2.232385e+00,1.413232e+00,-1.193069e+00,6.767896e-01,2.166667e-03,-2.187254e-02,0
1.673237e-03,-1.223810e+01,3.695078e+00,1.587952e+01,4.001822e+00,-1.771691e+01,-2.647526e+01,-2.512875e+00,-3.371772e+00,-1.232100e+01,-2.541246e-01,-6.180847e+00,-4.398483e+00,2.763889e-02,3.123978e-01,0,-4.113546e-04,2.283344e-01,-4.702508e-01,-8.254692e-01,-1.549152e-01,-4.652962e-01,3.622515e-01,1.442777e+00,1.847133e+00,1.855221e+00,8.093361e-01,-4.374554e-01,5.439317e-01,1.875000e-03,-7.151955e-03,0
1.460146e-03,-1.176117e+01,3.897881e+00,1.453121e+01,2.524902e+00,-1.903919e+01,-2.770277e+01,-2.502864e+00,-9.471377e-01,-1.014057e+01,1.450687e+00,-6.371163e+00,-4.183935e+00,2.833333e-02,3.414783e-01,0,-7.460236e-05,-3.133092e-01,-3.520139e-01,-5.033040e-01,-2.053061e+00,5.002638e-01,-5.335274e-02,6.355916e-01,1.188445e+00,4.082374e-01,-4.951729e-01,1.743398e+00,1.231755e+00,2.597222e-03,-8.164043e-03,0
1.413050e-03,-1.205190e+01,3.578202e+00,1.516133e+01,-3.568344e-01,-1.811635e+01,-2.949256e+01,-3.102661e+00,1.096642e+00,-1.083232e+01,-6.920261e-01,-4.125909e+00,-4.089190e+00,3.000000e-02,3.380869e-01,0,1.902213e-04,-6.711866e-01,-3.726345e-01,1.640808e-01,-2.878069e+00,1.931081e+00,-1.165022e-01,1.419719e-01,-1.012883e-01,-7.688950e-01,-1.804078e+00,3.174957e+00,1.791430e+00,3.888889e-03,-1.853291e-02,0
2.028947e-03,-1.419197e+01,2.824164e+00,1.504454e+01,-5.354139e+00,-1.373771e+01,-2.623056e+01,-2.696743e+00,-1.800840e+00,-1.352374e+01,-3.531080e+00,2.688529e+00,9.033060e-01,3.777778e-02,2.879241e-01,0,3.294398e-04,-4.817435e-01,-5.478251e-01,4.267482e-01,-2.353148e+00,2.415693e+00,6.511936e-02,3.345045e-01,-7.869466e-01,-9.887587e-01,-2.157658e+00,3.480553e+00,2.085402e+00,2.902777e-03,-2.219738e-02,0
2.339943e-03,-1.437864e+01,2.368764e+00,1.644326e+01,-6.449001e+00,-1.071225e+01,-2.779387e+01,-1.706076e+00,-3.451363e+00,-1.447390e+01,-6.783632e+00,5.164093e+00,2.015043e+00,4.236111e-02,2.465103e-01,0,2.620305e-04,5.642284e-01,-6.198281e-01,3.817614e-01,-6.780251e-01,1.149237e+00,-7.117128e-01,-1.450907e-01,-1.607732e-01,5.878573e-02,-1.203884e+00,1.544516e+00,9.464010e-01,-1.027778e-03,2.866638e-03,0
2.643899e-03,-1.300652e+01,1.763474e+00,1.602398e+01,-6.194753e+00,-1.066278e+01,-2.822652e+01,-1.528634e+00,-2.607868e+00,-1.326358e+01,-6.291798e+00,6.386600e+00,3.190957e+00,3.666667e-02,2.762797e-01,0,1.146313e-04,1.623700e+00,-9.027203e-01,2.422863e-01,8.420784e-01,-6.859439e-01,-1.367161e+00,-8.218139e-01,1.446930e+00,1.172900e+00,-2.642505e-01,-8.998011e-01,-3.915566e-01,-5.833333e-03,2.881934e-02,0
2.415726e-03,-9.823483e+00,1.009406e+00,1.658042e+01,-3.326653e+00,-1.390763e+01,-3.205315e+01,-4.412169e+00,6.962898e-01,-1.066847e+01,-5.331090e+00,1.747635e+00,-5.010102e-01,2.541667e-02,3.582423e-01,0,1.078944e-05,1.819973e+00,-1.021064e+00,-8.491173e-02,1.204961e+00,-1.449357e+00,-1.041605e+00,-1.514939e+00,1.877567e+00,1.605795e+00,4.534919e-01,-1.700765e+00,-3.386197e-01,-7.375000e-03,3.354318e-02,0
2.564211e-03,-8.351047e+00,-1.009759e+00,1.618740e+01,-2.704921e+00,-1.556974e+01,-3.093673e+01,-5.452766e+00,3.359983e+00,-9.561948e+00,-5.578604e+00,-1.022479e-01,2.035499e-01,1.708333e-02,3.761548e-01,0,-9.925933e-05,1.402967e+00,-8.712090e-01,-1.155969e-01,1.095160e+00,-9.762375e-01,-5.579916e-01,-1.431911e+00,1.478536e+00,1.350217e+00,2.892584e-01,-1.664375e+00,3.655095e-01,-5.458333e-03,1.134882e-02,0
2.433734e-03,-7.606509e+00,-1.349939e+00,1.593700e+01,-2.169111e+00,-1.550555e+01,-3.164679e+01,-7.318707e+00,2.952547e+00,-8.295737e+00,-4.872770e+00,-9.530842e-02,1.815649e+00,1.527778e-02,3.642887e-01,0,-1.704259e-04,7.304424e-01,-6.242841e-01,-1.861900e-01,9.250718e-01,-1.587515e-01,2.789707e-01,-8.895777e-01,1.507766e-01,6.016170e-01,1.831871e-01,-1.267487e+00,1.198194e+00,-2.347222e-03,1.671034e-03,0
2.138598e-03,-7.100170e+00,-1.412898e+00,1.576771e+01,-1.297725e+00,-1.474500e+01,-3.121966e+01,-7.234919e+00,3.656682e+00,-7.698856e+00,-5.074666e+00,-1.013802e+00,3.860175e+00,1.444444e-02,3.300005e-01,0,-2.661355e-04,3.393763e-01,-3.774365e-01,8.372307e-03,1.085389e+00,-1.361544e-01,7.982521e-02,-5.114866e-01,-8.771998e-01,-1.320086e-01,-8.411078e-02,-1.496536e+00,6.447793e-01,-2.500002e-04,8.998889e-03,0
1.776403e-03,-6.796709e+00,-1.910446e+00,1.585931e+01,5.951082e-01,-1.511376e+01,-3.051683e+01,-7.968981e+00,1.301823e+00,-8.591930e+00,-4.667124e+00,-4.134023e+00,3.661645e+00,1.500000e-02,3.896746e-01,0,-2.816449e-04,1.747790e-01,-4.792720e-01,-6.333141e-02,1.119526e+00,-5.057967e-01,3.481098e-01,4.002795e-02,-1.472335e+00,-5.405048e-01,-6.543918e-01,-1.787977e+00,-2.511847e-01,6.250002e-04,2.509096e-02,0
1.562200e-03,-7.059065e+00,-2.616688e+00,1.626810e+01,1.339914e+00,-1.644641e+01,-3.110258e+01,-7.685062e+00,-2.006539e-01,-1.007389e+01,-6.101981e+00,-5.565571e+00,2.504448e+00,1.597222e-02,4.084563e-01,0,-2.737829e-04,6.283507e-02,-3.698874e-01,-4.447997e-01,4.095553e-01,-4.645917e-01,6.983902e-01,6.708172e-01,-1.096977e+00,5.162471e-01,-6.859889e-01,-9.329125e-01,-9.916695e-01,1.125000e-03,2.062381e-02,0
1.313709e-03,-6.753166e+00,-3.144404e+00,1.537014e+01,2.109701e+00,-1.718384e+01,-2.996478e+01,-6.893495e+00,-2.480459e+00,-9.810742e+00,-7.631071e+00,-6.759308e+00,1.237589e+00,1.763889e-02,4.505156e-01,0,-2.465381e-04,8.643250e-02,2.511978e-03,-5.919115e-01,-5.642949e-01,-3.803373e-01,1.220224e+00,1.603832e+00,2.390169e-01,1.885507e+00,-1.725628e-01,2.220952e-01,-9.672559e-01,8.055558e-04,-7.805526e-04,0
1.001030e-03,-6.807766e+00,-2.645356e+00,1.378829e+01,-7.244667e-03,-1.603292e+01,-2.800373e+01,-4.418576e+00,6.293678e-02,-4.508215e+00,-7.022636e+00,-4.365722e+00,1.138558e-01,1.875000e-02,4.026991e-01,0,-2.122688e-04,2.263609e-01,6.709572e-01,-4.046785e-01,-1.084785e+00,-2.344334e-01,1.019176e+00,1.852695e+00,1.429633e+00,2.599819e+00,1.032069e+00,7.844513e-01,-7.130667e-01,-5.555525e-05,-2.119642e-02,0
8.242971e-04,-6.490196e+00,-1.883552e+00,1.413966e+01,-1.552787e+00,-1.722219e+01,-2.596513e+01,-1.583064e+00,2.365113e+00,-1.947234e+00,-5.069610e+00,-3.623472e+00,2.066139e-02,1.763889e-02,3.886504e-01,0,-1.272911e-04,4.717458e-01,1.299965e+00,1.320273e-01,-7.102789e-01,-4.059792e-01,-3.707218e-01,1.484984e+00,1.893354e+00,1.503034e+00,1.505298e+00,6.577489e-01,-4.024732e-01,-1.277778e-03,-3.138310e-02,0
7.455617e-04,-6.058746e+00,1.076716e-01,1.485995e+01,-2.252769e+00,-1.759940e+01,-2.800652e+01,-1.076805e+00,4.524726e+00,-1.006552e+00,-2.222366e+00,-3.211232e+00,-4.524218e-01,1.569444e-02,3.334068e-01,0,-4.347326e-05,7.054820e-01,1.681466e+00,4.159946e-01,5.329528e-01,-6.550960e-02,-1.408450e+00,7.247683e-01,7.047559e-01,1.850414e-03,9.015253e-01,-2.059250e-01,-4.286210e-01,-1.930556e-03,-1.941946e-02,0
8.049881e-04,-4.768947e+00,1.978907e+00,1.549445e+01,-3.189316e-01,-1.843049e+01,-3.181699e+01,-1.139459e+00,4.755415e+00,-4.046402e+00,-2.504719e+00,-4.047808e+00,-4.916383e-01,1.277778e-02,3.282462e-01,0,3.807753e-06,7.440301e-01,1.744947e+00,2.579269e-01,1.205112e+00,5.883867e-01,-1.732104e+00,5.787116e-01,-7.770463e-01,-2.461710e-01,-4.211146e-01,-5.305057e-01,-5.221773e-01,-1.944445e-03,-6.188276e-03,0
7.933185e-04,-4.140980e+00,3.830746e+00,1.519087e+01,2.040592e+00,-1.575632e+01,-3.212005e+01,-1.016537e+00,2.391565e+00,-3.449379e+00,-3.797456e+00,-5.183178e+00,-1.773099e+00,1.152778e-02,3.358039e-01,0,1.992976e-05,5.597728e-01,1.578646e+00,-4.689369e-02,1.144269e+00,9.942641e-01,-9.707766e-01,9.750597e-01,-1.928659e+00,6.427718e-01,-1.511070e+00,-8.806427e-01,-4.296147e-01,-1.500000e-03,2.242975e-02,0
8.194575e-04,-3.728928e+00,4.979647e+00,1.526383e+01,2.326093e+00,-1.520179e+01,-3.256889e+01,1.280361e+00,-4.535381e-01,-1.956675e+00,-6.387638e+00,-5.290027e+00,-1.929886e+00,1.000000e-02,3.565105e-01,0,2.047943e-05,2.782280e-01,1.408129e+00,-4.905239e-01,2.764637e-01,1.048109e+00,-2.939762e-01,1.304467e+00,-1.915929e+00,2.127471e+00,-1.276345e+00,-1.470076e+00,-4.450475e-01,-6.944445e-04,4.615061e-02,0
8.379758e-04,-3.779892e+00,6.500530e+00,1.474079e+01,2.146065e+00,-1.424243e+01,-3.248446e+01,2.588584e+00,-2.514093e+00,1.162444e+00,-7.836256e+00,-6.993336e+00,-1.881371e+00,9.583334e-03,4.314234e-01,0,3.445671e-05,5.285079e-02,1.160832e+00,-6.563069e-01,-4.873894e-01,5.423276e-01,1.996273e-01,1.367298e+00,-1.557785e+00,2.575900e+00,-1.724528e-01,-1.946566e+00,-4.111795e-01,2.777772e-05,6.400911e-02,1.120841e+01
8.850566e-04,-3.558352e+00,7.684659e+00,1.326687e+01,1.010650e+00,-1.394690e+01,-3.310467e+01,3.580313e+00,-2.371398e+00,4.285043e+00,-6.867043e+00,-1.049311e+01,-2.662740e+00,1.027778e-02,5.111895e-01,0,4.391475e-05,-1.535221e-01,7.088466e-01,-8.405339e-01,-9.010172e-01,5.802431e-01,1.009133e+00,7.682459e-01,-2.050498e+00,2.262739e+00,1.577605e+00,-2.176112e+00,-8.140403e-01,3.333331e-04,5.986677e-02,2.803085e+01
9.328025e-04,-3.962014e+00,8.282398e+00,1.290781e+01,2.613665e-01,-1.367213e+01,-3.085402e+01,4.669976e+00,-4.438428e+00,6.309260e+00,-4.420017e+00,-1.231446e+01,-3.462570e+00,1.152778e-02,5.785099e-01,5.604203e+01,6.197278e-05,-2.556506e-01,2.791381e-02,-6.172879e-01,-1.056187e+00,5.362543e-01,1.326287e+00,-9.300270e-02,-3.007083e+00,1.687419e+00,2.445486e+00,-1.660201e+00,-1.084201e+00,-4.166681e-05,3.246825e-02,3.363997e+01
9.916179e-04,-4.405477e+00,7.632946e+00,1.197765e+01,-1.236643e+00,-1.258573e+01,-2.833844e+01,4.080894e+00,-9.743862e+00,6.783613e+00,-2.077314e-01,-1.351002e+01,-5.209488e+00,1.069444e-02,5.823011e-01,1.121332e+02,6.894832e-05,-2.355327e-01,-5.365015e-01,-5.092764e-01,-1.075815e+00,5.911605e-01,1.204907e+00,-1.189500e+00,-3.869797e+00,1.526852e+00,2.165804e+00,-9.205219e-01,-9.236313e-01,-5.972224e-04,4.679221e-03,1.682736e+01
1.094559e-03,-4.634582e+00,6.665956e+00,1.229896e+01,-2.011224e+00,-1.224174e+01,-2.823614e+01,1.873280e+00,-1.386328e+01,8.350253e+00,1.061518e+00,-1.378589e+01,-6.029001e+00,9.166666e-03,5.582088e-01,1.121332e+02,6.634383e-05,-2.774558e-02,-7.365728e-01,-3.796216e-01,-9.129035e-01,5.056467e-02,3.468624e-01,-1.694901e+00,-3.249251e+00,1.598342e+00,8.283908e-01,-5.031688e-01,-5.945880e-01,-6.666667e-04,-8.619380e-03,-1.681261e+01
1.148920e-03,-4.399731e+00,5.810373e+00,1.102491e+01,-3.232132e+00,-1.170629e+01,-2.838908e+01,-9.688376e-01,-1.700796e+01,1.089880e+01,1.221208e+00,-1.436001e+01,-5.997681e+00,8.472222e-03,5.447361e-01,5.609119e+01,4.052399e-05,3.402910e-02,-4.334284e-01,-3.581317e-01,-3.830167e-01,-5.851249e-01,-2.244282e-02,-1.347645e+00,-1.985206e+00,1.420071e+00,-1.706064e-01,1.825162e-01,-7.428182e-01,-1.527778e-04,-8.133906e-03,-3.363997e+01
1.185871e-03,-4.103615e+00,5.510821e+00,1.148608e+01,-3.305406e+00,-1.385902e+01,-2.909439e+01,-1.279664e+00,-1.705264e+01,1.224337e+01,-9.925330e-01,-1.440531e+01,-6.041414e+00,9.305555e-03,5.541955e-01,0,-1.908676e-06,-9.111233e-02,-3.346767e-02,-5.006776e-01,3.140472e-01,-6.810526e-01,6.197948e-01,-8.202553e-01,-1.121034e+00,4.997502e-01,-6.054405e-02,4.778773e-01,-1.630844e+00,2.500001e-04,-3.457063e-03,-2.803576e+01
1.148582e-03,-4.500815e+00,6.043372e+00,1.059344e+01,-2.504635e+00,-1.470271e+01,-2.802152e+01,-1.080857e+00,-1.807521e+01,1.193741e+01,-3.373798e-02,-1.228773e+01,-8.917373e+00,9.861111e-03,5.436383e-01,0,-1.098549e-05,-2.852626e-01,1.601042e-01,-2.441897e-01,6.145576e-01,-2.910886e-01,1.230952e+00,-9.366188e-01,-2.788981e-01,-8.769699e-01,4.830451e-02,1.251146e+00,-2.306892e+00,3.194447e-04,-7.362062e-03,-1.121824e+01
1.085185e-03,-5.039602e+00,6.382118e+00,1.001131e+01,-8.047364e-01,-1.414879e+01,-2.532094e+01,-2.171987e+00,-1.893482e+01,1.032970e+01,1.386271e+00,-1.243264e+01,-1.272338e+01,9.722223e-03,5.414724e-01,0,8.546733e-05,-3.764449e-01,-4.562654e-01,4.058364e-01,2.044075e-02,1.538266e-01,9.658085e-01,-1.560786e+00,1.087417e+00,-2.549062e+00,-6.355675e-01,2.164065e+00,-1.648809e+00,3.888889e-04,-2.085919e-02,0
1.144335e-03,-5.358051e+00,6.175245e+00,1.054135e+01,-1.409679e+00,-1.301685e+01,-2.412105e+01,-5.205770e+00,-1.746136e+01,7.470791e+00,2.733285e-01,-9.090616e+00,-1.419116e+01,9.861112e-03,5.142874e-01,0,2.561118e-04,-4.648368e-01,-1.568477e+00,1.872122e+00,-1.130051e+00,1.794475e-01,-1.216545e-01,-2.072345e+00,3.156070e+00,-4.206616e+00,-2.162333e+00,3.116993e+00,4.106903e-02,9.305553e-04,-2.896772e-02,0
1.615331e-03,-5.557222e+00,3.163557e+00,1.354130e+01,-3.750681e+00,-1.393282e+01,-2.621559e+01,-7.021135e+00,-1.192248e+01,1.731372e+00,-4.323904e+00,-5.183543e+00,-1.164857e+01,1.125000e-02,4.645750e-01,0,4.127541e-04,-7.335895e-01,-2.469894e+00,3.036938e+00,-2.167233e+00,-1.563989e-01,-1.092501e+00,-1.950273e+00,4.285364e+00,-5.267758e+00,-2.796672e+00,3.714634e+00,1.524511e+00,1.638889e-03,-3.230762e-02,0
2.164068e-03,-6.566189e+00,-1.897345e-01,1.818905e+01,-6.681917e+00,-1.391346e+01,-2.818247e+01,-9.018010e+00,-5.801035e+00,-4.796504e+00,-7.990317e+00,-3.273108e-01,-9.249432e+00,1.375000e-02,4.372484e-01,0,4.118484e-04,-9.202553e-01,-2.365943e+00,3.271580e+00,-2.317927e+00,-6.479110e-01,-8.556980e-01,-1.371639e+00,3.482177e+00,-5.066850e+00,-1.818768e+00,2.812827e+00,1.848278e+00,1.611111e-03,-2.533737e-02,0
2.639089e-03,-8.103480e+00,-2.784862e+00,2.137215e+01,-9.004783e+00,-1.448248e+01,-2.875273e+01,-1.001723e+01,-3.338163e+00,-9.875443e+00,-8.465265e+00,1.758874e+00,-7.571687e+00,1.597222e-02,4.184538e-01,0,2.753406e-04,-6.839801e-01,-1.224033e+00,2.505824e+00,-1.625360e+00,-1.494816e+00,-7.690945e-02,-4.950462e-01,1.664581e+00,-3.815637e+00,7.574944e-02,1.373388e+00,1.154607e+00,8.750001e-04,-1.781965e-02,0
2.691698e-03,-8.686198e+00,-2.680259e+00,2.298383e+01,-1.037226e+01,-1.598157e+01,-2.713097e+01,-1.056592e+01,-4.342630e+00,-1.206005e+01,-6.749832e+00,1.502311e+00,-6.988210e+00,1.555556e-02,4.106611e-01,0,8.367856e-05,-7.329297e-02,7.356886e-02,1.638187e+00,-3.856003e-01,-2.654877e+00,6.341171e-01,5.910754e-01,6.369717e-02,-2.422466e+00,1.245679e+00,-2.895246e-01,4.123736e-01,-6.944416e-05,-1.584540e-02,0
2.728219e-03,-7.917118e+00,-1.711346e+00,2.367303e+01,-1.003231e+01,-2.037285e+01,-2.712589e+01,-8.722412e+00,-4.328775e+00,-1.371504e+01,-4.565399e+00,7.685837e-01,-7.006145e+00,1.472222e-02,3.887704e-01,0,-1.114897e-04,3.220507e-01,8.358698e-01,1.147405e+00,8.541458e-01,-2.208607e+00,1.449130e+00,1.219379e+00,-8.245227e-01,-1.373731e+00,1.322046e+00,-1.539608e+00,-7.701816e-02,-1.249998e-04,-1.545995e-02,0
2.537896e-03,-7.025835e+00,-3.586483e-01,2.522955e+01,-8.096156e+00,-2.424266e+01,-2.582531e+01,-6.710042e+00,-4.987243e+00,-1.498903e+01,-3.711854e+00,-1.279789e+00,-7.470335e+00,1.402778e-02,3.728631e-01,0,-2.475841e-04,5.677729e-02,8.373293e-01,8.004619e-01,1.311196e+00,-9.232388e-01,1.797819e+00,8.804758e-01,-1.049761e+00,-1.623323e-01,1.178610e+00,-1.894041e+00,-2.972917e-01,5.277778e-04,-2.206652e-02,0
2.158541e-03,-7.323409e+00,2.336822e-01,2.598632e+01,-5.872108e+00,-2.139497e+01,-2.215991e+01,-5.848272e+00,-7.138470e+00,-1.527961e+01,-3.374022e+00,-4.548116e+00,-7.715716e+00,1.611111e-02,3.600530e-01,0,-3.452113e-04,-4.152767e-01,4.690372e-01,1.770267e-02,7.231790e-01,6.131796e-01,1.492392e+00,-4.777188e-02,-9.810072e-01,1.200029e+00,1.597650e+00,-1.725416e+00,-3.943609e-01,1.069444e-03,-2.656106e-02,0
1.738616e-03,-8.699166e+00,5.338740e-01,2.582949e+01,-5.896386e+00,-2.008670e+01,-2.062486e+01,-7.600609e+00,-8.186589e+00,-1.208943e+01,-1.452468e+00,-5.309543e+00,-8.119884e+00,1.750000e-02,3.146872e-01,0,-3.312243e-04,-5.342166e-01,9.614065e-04,-1.042300e+00,-3.077920e-01,2.578085e-01,5.837652e-01,-5.403099e-01,-2.770839e-01,2.056817e+00,2.515726e+00,-6.529852e-01,-9.189873e-01,9.999998e-04,-2.501400e-02,0
1.401803e-03,-9.156836e+00,1.875795e-01,2.346157e+01,-7.516297e+00,-1.938493e+01,-2.226415e+01,-8.515988e+00,-7.634138e+00,-9.164701e+00,2.293156e+00,-5.843618e+00,-8.653175e+00,1.833333e-02,2.850530e-01,0,-2.731760e-04,-1.462460e-01,-2.672674e-01,-1.719369e+00,-7.399877e-01,-1.390304e+00,-3.394697e-01,-5.564785e-01,3.295561e-01,2.102037e+00,2.777132e+00,2.059659e-01,-9.485028e-01,6.805554e-04,-1.839749e-02,0
1.260144e-03,-8.780205e+00,-3.307900e-01,2.128042e+01,-8.813022e+00,-2.395864e+01,-2.285436e+01,-8.077734e+00,-6.124828e+00,-7.762403e+00,6.033184e+00,-3.896963e+00,-1.159654e+01,1.791667e-02,2.852931e-01,0,-2.183888e-04,6.361818e-02,-4.397447e-01,-1.823108e+00,-2.249009e-01,-1.633327e+00,2.887743e-01,3.681688e-02,4.422491e-01,1.666262e+00,1.684372e+00,7.204950e-01,-6.682838e-01,1.263889e-03,-1.215008e-02,0
1.031897e-03,-8.014119e+00,-6.703226e-01,1.966401e+01,-8.113729e+00,-2.641052e+01,-2.274251e+01,-8.392102e+00,-6.521570e+00,-6.932930e+00,6.768810e+00,-4.224576e+00,-1.071990e+01,1.930556e-02,2.827626e-01,0,-1.857386e-04,-1.968062e-01,-2.707559e-01,-1.221333e+00,5.885949e-01,-4.735723e-01,9.245176e-01,2.216197e-01,-4.588751e-01,1.106829e+00,1.079853e-01,1.052824e+00,6.392373e-01,2.430556e-03,-1.425005e-02,0
8.316246e-04,-8.952434e+00,-1.235898e+00,1.861273e+01,-6.722174e+00,-2.474054e+01,-1.894181e+01,-7.478467e+00,-6.531628e+00,-4.874003e+00,4.731565e+00,-2.516589e+00,-1.042794e+01,2.333333e-02,2.550820e-01,0,-1.542673e-04,-5.468251e-01,1.399778e-01,-6.527130e-01,1.121731e+00,2.043273e+00,5.014812e-01,6.565279e-01,-1.422474e+00,6.341409e-01,-9.225426e-01,1.363378e+00,1.540005e+00,2.847223e-03,-1.135012e-02,0
6.873694e-04,-1.005475e+01,-7.136458e-01,1.868875e+01,-5.618746e+00,-2.136184e+01,-1.959784e+01,-7.707523e+00,-9.725114e+00,-5.074754e+00,3.483892e+00,-1.269683e+00,-6.041290e+00,2.777778e-02,2.289083e-01,0,-9.198524e-05,-5.795015e-01,5.657205e-01,-6.338997e-02,1.141639e+00,3.137602e+00,-7.638048e-01,1.037191e+00,-1.957378e+00,8.537960e-03,-5.847171e-01,1.290338e+00,1.559170e+00,1.625000e-03,-3.013116e-03,0
6.610714e-04,-1.049401e+01,3.907604e-01,1.850448e+01,-4.451856e+00,-1.626661e+01,-2.191929e+01,-5.137384e+00,-1.163543e+01,-5.520787e+00,3.062930e+00,1.442480e+00,-6.235823e+00,2.791667e-02,2.554696e-01,0,-5.195058e-05,-1.321489e-01,9.101926e-01,2.410717e-01,9.586061e-01,2.464683e+00,-1.767162e+00,1.174570e+00,-1.471093e+00,-1.582665e-01,1.091006e-01,4.386983e-01,1.005929e+00,-8.749999e-04,7.736544e-03,0
6.572478e-04,-1.014084e+01,1.344951e+00,1.940118e+01,-3.540692e+00,-1.495948e+01,-2.507279e+01,-4.376688e+00,-1.375656e+01,-6.566848e+00,4.679542e+00,2.475805e-01,-5.020111e+00,2.513889e-02,2.675032e-01,0,-2.980430e-05,4.395344e-01,1.090426e+00,2.735609e-01,7.790488e-01,9.580626e-01,-8.601215e-01,1.036824e+00,-5.062887e-01,-1.778018e-01,1.411734e-02,-7.352242e-01,1.250595e-01,-3.152778e-03,1.666134e-02,0
5.869325e-04,-9.570136e+00,2.285766e+00,1.946187e+01,-2.968170e+00,-1.561830e+01,-2.504015e+01,-3.271035e+00,-1.187137e+01,-4.919288e+00,4.679243e+00,-1.081729e+00,-5.908884e+00,2.027778e-02,2.744673e-01,0,1.117300e-05,1.078187e+00,1.521340e+00,-3.182715e-01,3.667894e-01,-2.550892e-01,3.613401e-01,4.754612e-01,-4.872327e-01,-1.770613e-01,-4.408340e-01,-1.844958e+00,-9.709354e-02,-4.208333e-03,3.375272e-02,0
5.754174e-04,-8.319019e+00,3.790982e+00,1.957786e+01,-2.465345e+00,-1.689568e+01,-2.233802e+01,-3.456579e+00,-1.213859e+01,-6.264513e+00,2.746322e+00,-3.683700e+00,-5.579462e+00,1.583333e-02,3.027162e-01,0,9.343241e-05,1.544674e+00,1.957995e+00,-1.646857e+00,7.849524e-02,8.590727e-02,7.154838e-01,5.615905e-01,-1.292553e+00,-3.986664e-01,-8.552344e-01,-2.449596e+00,-4.559259e-01,-3.902778e-03,5.680066e-02,0
7.578516e-04,-6.013988e+00,6.774442e+00,1.682479e+01,-3.155582e+00,-1.657396e+01,-2.147997e+01,-3.220132e+00,-1.488058e+01,-6.557261e+00,1.825370e+00,-5.816670e+00,-6.441615e+00,1.152778e-02,4.066267e-01,0,1.682456e-04,1.519235e+00,1.933835e+00,-2.824712e+00,-4.203208e-01,9.946917e-01,1.110971e-01,8.872245e-01,-2.515102e+00,-5.777663e-01,-2.694044e-01,-2.966782e+00,-5.330271e-01,-2.472222e-03,6.810278e-02,0
1.038950e-03,-4.195542e+00,8.890588e+00,1.248544e+01,-3.054510e+00,-1.405211e+01,-2.327546e+01,-1.594187e+00,-1.871472e+01,-7.741194e+00,1.830307e+00,-9.632927e+00,-7.033375e+00,1.000000e-02,4.854268e-01,0,1.680127e-04,8.945719e-01,1.278834e+00,-3.152022e+00,-7.630356e-01,1.464884e+00,-5.649830e-01,1.447611e+00,-2.313282e+00,1.592874e-01,1.225667e+00,-2.823562e+00,-8.170940e-01,-7.916670e-04,5.257690e-02,0
1.196394e-03,-4.035700e+00,9.405141e+00,8.884521e+00,-4.775192e+00,-1.206663e+01,-2.401594e+01,2.338908e-01,-2.115881e+01,-7.069779e+00,3.790229e+00,-1.294102e+01,-7.847063e+00,1.083333e-02,5.236259e-01,0,8.521099e-05,1.589940e-01,4.225352e-01,-2.236190e+00,-9.354492e-01,1.184098e+00,-2.228533e-01,1.361477e+00,-1.021702e+00,8.832114e-01,2.325157e+00,-2.078934e+00,-1.101698e+00,1.388887e-04,2.748400e-02,0
1.196210e-03,-4.835304e+00,8.869802e+00,7.787884e+00,-5.470718e+00,-1.182493e+01,-2.389495e+01,2.054466e+00,-2.056588e+01,-5.211817e+00,7.892230e+00,-1.423933e+01,-8.962208e+00,1.222222e-02,5.071011e-01,0,1.466169e-06,-1.526796e-01,3.364620e-02,-9.164833e-01,-9.254845e-01,4.328611e-01,5.226471e-01,7.571570e-01,2.466959e-01,1.353214e+00,2.728641e+00,-1.319088e+00,-1.291062e+00,1.388886e-04,1.271947e-02,1.200751e+01
1.105277e-03,-4.899137e+00,8.897511e+00,7.992615e+00,-6.624724e+00,-1.176706e+01,-2.228449e+01,1.762928e+00,-1.906351e+01,-3.405892e+00,1.042019e+01,-1.390814e+01,-1.098569e+01,1.111111e-02,5.332096e-01,0,-3.743452e-05,7.677402e-02,4.887743e-02,-8.530541e-02,-2.783473e-01,2.316193e-01,1.140933e+00,2.387587e-01,6.436054e-01,5.900680e-01,1.691670e+00,-1.137672e+00,-1.102227e+00,-8.333325e-05,8.604264e-03,2.982263e+01
1.091840e-03,-4.527221e+00,9.312634e+00,8.348980e+00,-6.757166e+00,-1.203759e+01,-2.152795e+01,1.427079e+00,-1.852889e+01,-2.807069e+00,1.215853e+01,-1.574481e+01,-1.191937e+01,1.055556e-02,5.442323e-01,6.003753e+01,-3.610215e-05,3.475548e-01,9.561834e-02,1.303965e-01,3.323175e-01,2.526127e-01,1.122712e+00,2.908579e-01,7.662382e-01,-1.714706e-01,3.424902e-02,-1.576355e+00,-5.641848e-01,2.083335e-04,5.507171e-03,3.572832e+01
1.061406e-03,-3.805871e+00,9.428112e+00,8.177445e+00,-5.523705e+00,-1.080220e+01,-1.949478e+01,1.741377e+00,-1.895928e+01,-5.321813e+00,1.011543e+01,-1.787665e+01,-1.187962e+01,1.125000e-02,5.480816e-01,1.190944e+02,-3.021458e-05,3.284934e-01,-1.555642e-01,-1.124706e-01,9.871916e-01,4.336909e-01,4.672951e-01,5.236222e-01,1.280392e+00,-3.780807e-01,-1.351280e+00,-1.522043e+00,2.971555e-01,1.041667e-03,-1.816899e-03,1.771706e+01
1.037634e-03,-3.644163e+00,9.082593e+00,8.347451e+00,-4.359641e+00,-1.104429e+01,-1.967625e+01,3.519531e+00,-1.678680e+01,-5.111209e+00,8.215856e+00,-2.013686e+01,-1.133617e+01,1.319444e-02,5.272009e-01,1.190944e+02,-2.650690e-05,1.127207e-02,-4.436291e-01,-1.561680e-01,1.241183e+00,4.690165e-01,-2.332897e-01,5.061429e-01,1.738701e+00,-1.467371e-02,-2.222491e+00,-6.229475e-01,7.391071e-01,1.486111e-03,-1.082007e-02,-1.801126e+01
9.813065e-04,-3.698199e+00,8.234711e+00,7.431026e+00,-2.887529e+00,-1.009525e+01,-2.087387e+01,3.334813e+00,-1.353259e+01,-4.144226e+00,5.635128e+00,-1.932233e+01,-9.791512e+00,1.500000e-02,5.326408e-01,5.905687e+01,-9.154121e-06,-3.774900e-01,-6.685975e-01,1.155290e-01,1.371493e+00,4.149099e-01,-1.110757e+00,-3.876827e-01,2.071833e+00,5.402846e-01,-2.312161e+00,2.003229e-01,5.804906e-01,1.569445e-03,-1.709537e-02,-3.572832e+01
9.993552e-04,-4.524697e+00,7.691189e+00,7.941350e+00,-1.869341e+00,-1.004599e+01,-2.200485e+01,3.161076e+00,-1.254873e+01,-3.469231e+00,3.286228e+00,-1.813670e+01,-9.267889e+00,1.611111e-02,4.978524e-01,0,3.004679e-07,-3.847724e-01,-7.718059e-01,5.104639e-01,1.459541e+00,1.543766e-01,-8.733398e-01,-1.286956e+00,1.657232e+00,3.084552e-01,-2.064321e+00,5.596760e-01,7.392626e-02,1.263889e-03,-1.256207e-02,-2.972457e+01
1.034775e-03,-5.253054e+00,6.780827e+00,8.958141e+00,8.861128e-02,-9.226806e+00,-2.388426e+01,-1.780883e-02,-1.071915e+01,-3.441379e+00,1.019440e+00,-1.787511e+01,-1.001130e+01,1.763889e-02,4.772791e-01,0,-2.009488e-05,-1.059676e-01,-7.015855e-01,7.389060e-01,1.636198e+00,-4.770551e-01,7.257271e-03,-1.684156e+00,1.545585e+00,-1.717470e-01,-1.983359e+00,1.772863e-01,-4.123425e-01,7.638888e-04,2.503484e-03,-1.961288e-01
1.012402e-03,-4.790597e+00,5.950506e+00,1.013621e+01,1.449993e+00,-1.070663e+01,-2.253775e+01,-1.238940e+00,-9.907367e+00,-3.920357e+00,2.020930e-01,-1.806209e+01,-1.085664e+01,1.819444e-02,4.920714e-01,0,-7.337509e-05,4.315310e-01,-4.904488e-01,3.998262e-01,1.369190e+00,-9.049155e-01,1.144964e+00,-1.526478e+00,1.472070e+00,-2.535413e-01,-1.450394e+00,-1.446537e-01,2.901962e-01,-1.805555e-04,1.743724e-02,2.905927e+01
8.743086e-04,-4.095087e+00,5.597125e+00,1.002812e+01,3.633797e+00,-1.215020e+01,-2.057113e+01,-2.885958e+00,-7.125350e+00,-4.777398e+00,-2.739601e+00,-1.847321e+01,-1.105885e+01,1.777778e-02,5.480487e-01,5.807623e+01,-1.206724e-04,5.414155e-01,-1.026793e-01,-2.656955e-01,8.333453e-01,-1.020621e+00,1.690056e+00,-7.856232e-01,1.019163e+00,-3.069355e-01,-9.883235e-01,-3.802834e-01,1.173510e+00,-1.500000e-03,1.254474e-02,3.487747e+01
7.127132e-04,-2.946026e+00,5.830796e+00,9.405489e+00,3.204017e+00,-1.310886e+01,-1.793660e+01,-3.037240e+00,-6.985277e+00,-4.068928e+00,-2.086223e+00,-1.856092e+01,-7.293135e+00,1.513889e-02,5.496538e-01,1.162582e+02,-1.269825e-04,3.431222e-01,1.490523e-01,-6.383231e-01,1.190039e-01,-8.334969e-01,8.932713e-01,-5.027270e-01,5.507747e-01,2.163091e-02,-2.951165e-01,-4.850105e-01,1.899761e+00,-2.333333e-03,-1.323038e-03,1.745460e+01
5.812577e-04,-3.468262e+00,6.327285e+00,7.995026e+00,3.378326e+00,-1.312880e+01,-1.773456e+01,-3.046775e+00,-7.084378e+00,-4.901771e+00,-2.778019e+00,-1.952711e+01,-5.925504e+00,1.166667e-02,5.112116e-01,1.162582e+02,-9.782727e-05,1.334274e-01,2.074423e-01,-4.343298e-01,-2.058752e-01,-1.003149e+00,3.793268e-01,-4.400483e-01,-2.234838e-01,-2.052207e-01,7.966568e-02,-1.702774e-01,1.256305e+00,-2.083333e-03,-2.320236e-03,-4.995685e+00
5.240152e-04,-3.388398e+00,6.330687e+00,7.961147e+00,2.172748e+00,-1.438482e+01,-1.948968e+01,-3.672167e+00,-7.173979e+00,-3.750015e+00,-1.254280e+00,-1.996019e+01,-3.924506e+00,9.583334e-03,5.038748e-01,5.818201e+01,-5.282196e-05,-2.168792e-01,-4.830984e-01,4.511460e-01,-1.740235e-01,-4.360763e-01,2.775679e-01,-8.206072e-01,9.561109e-03,-8.291704e-01,-5.290263e-01,1.160908e+00,5.711945e-01,-2.083334e-04,-7.041043e-03,-3.797423e+00
4.795213e-04,-3.206764e+00,6.384390e+00,8.578647e+00,3.120055e+00,-1.652797e+01,-1.789795e+01,-4.768736e+00,-8.148417e+00,-5.962957e+00,-2.757244e+00,-1.862496e+01,-6.461640e+00,1.013889e-02,5.593370e-01,6.213592e+01,9.866599e-05,-1.120971e+00,-1.657964e+00,1.060372e+00,-7.761035e-02,9.078004e-01,9.582319e-01,-1.138590e+00,1.864336e-01,-1.203509e+00,-1.393019e+00,3.324574e+00,6.482227e-01,3.500000e-03,-2.744828e-02,8.229836e+00
4.994716e-04,-4.161171e+00,3.386751e+00,1.136941e+01,2.463035e+00,-1.358966e+01,-1.646706e+01,-6.279295e+00,-6.405451e+00,-7.684187e+00,-4.741742e+00,-1.320746e+01,-4.169094e+00,1.486111e-02,4.903859e-01,1.243323e+02,4.101844e-04,-2.895221e+00,-2.408278e+00,1.410774e+00,-1.126523e-01,2.733265e+00,1.236618e+00,-9.200907e-01,8.985802e-01,-1.163904e+00,-2.646218e+00,4.629283e+00,1.173434e+00,8.888888e-03,-7.199063e-02,7.022507e+00
1.086859e-03,-8.686729e+00,-4.905675e-01,1.159276e+01,2.845131e+00,-8.987377e+00,-1.445471e+01,-7.436160e+00,-6.536474e+00,-8.952231e+00,-7.999384e+00,-6.280609e+00,-2.562097e+00,2.652778e-02,3.807146e-01,1.243323e+02,7.535949e-04,-4.479975e+00,-2.186653e+00,1.354629e+00,-4.126123e-01,3.142847e+00,7.965115e-01,-3.703123e-01,1.557726e+00,1.044037e-01,-2.952066e+00,4.120799e+00,1.475101e+00,1.345833e-02,-8.777520e-02,-1.864078e+01
2.271268e-03,-1.512452e+01,-2.273222e+00,1.350796e+01,1.746948e+00,-4.488795e+00,-1.502822e+01,-6.938909e+00,-3.487050e+00,-8.074901e+00,-1.186430e+01,-2.985951e+00,-7.107973e-03,4.583333e-02,2.332328e-01,6.219637e+01,8.422941e-04,-4.734428e+00,-9.854164e-01,1.278937e+00,-5.396915e-01,1.453237e+00,3.297785e-01,-5.807262e-02,1.637168e+00,1.342858e+00,-2.378956e+00,1.906376e+00,6.666805e-01,1.431945e-02,-5.096419e-02,-3.729969e+01
3.361598e-03,-2.012496e+01,-1.718886e+00,1.428252e+01,1.415037e+00,-5.364168e+00,-1.463482e+01,-6.290491e+00,-1.818989e+00,-5.245582e+00,-1.395630e+01,-3.131721e+00,-1.167129e+00,6.194444e-02,2.490375e-01,0,4.706901e-04,-3.255611e+00,-3.446217e-01,7.282178e-01,-4.667378e-01,-8.038271e-01,5.102034e-01,-2.291552e-01,1.266794e+00,1.735982e+00,-1.041504e+00,-1.085320e-01,-7.655899e-02,1.023611e-02,-4.818209e-03,-3.108609e+01
3.573573e-03,-2.211419e+01,-9.261715e-01,1.641921e+01,4.796246e-01,-8.135075e+00,-1.472811e+01,-7.142493e+00,-5.783527e-01,-2.823221e+00,-1.365806e+01,-5.250025e+00,-1.533175e+00,6.875000e-02,3.014035e-01,0,-8.945225e-05,-8.540071e-01,-2.357343e-01,-2.084802e-01,2.598611e-01,-2.552639e+00,1.112978e+00,-1.126416e+00,7.179345e-02,9.893615e-01,4.724363e-01,-9.444852e-01,-4.968634e-01,3.069444e-03,2.048201e-02,-1.243927e+01
2.789157e-03,-2.146995e+01,-2.887201e+00,1.377822e+01,1.145104e+00,-1.118337e+01,-1.205375e+01,-8.480144e+00,-1.656850e+00,-2.898162e+00,-1.231002e+01,-5.691232e+00,-2.181858e+00,6.625000e-02,3.225382e-01,0,-4.598197e-04,1.519271e+00,-3.138967e-01,-1.055120e+00,7.802110e-01,-2.646068e+00,1.518071e+00,-1.785468e+00,-1.967034e-01,1.417649e-02,1.113956e+00,-1.073748e+00,-1.332680e-01,-3.472223e-03,7.376873e-03,0
2.110227e-03,-1.872207e+01,-2.867736e+00,1.271771e+01,3.181220e+00,-1.434238e+01,-1.075386e+01,-1.147616e+01,-3.209152e+00,-4.301803e+00,-1.032526e+01,-6.428622e+00,-1.984061e+00,5.902778e-02,2.988925e-01,0,-4.275089e-04,3.075825e+00,-2.746034e-01,-1.638494e+00,8.933199e-01,-2.121217e+00,1.279870e+00,-1.656997e+00,4.887981e-02,-4.079857e-01,9.944983e-01,-1.102487e+00,2.331428e-01,-7.736112e-03,-5.140710e-03,0
1.794172e-03,-1.422467e+01,-2.317588e+00,1.085767e+01,3.965294e+00,-1.549085e+01,-9.031590e+00,-1.305100e+01,-1.487106e+00,-4.435409e+00,-1.005292e+01,-7.911163e+00,-1.608027e+00,4.944444e-02,2.871774e-01,0,-1.565517e-04,3.508715e+00,-4.552935e-01,-1.804072e+00,9.164939e-02,-1.201742e+00,4.499839e-01,-9.071892e-01,9.906278e-01,3.098941e-01,6.064990e-01,-1.490922e+00,5.134578e-01,-8.972222e-03,-7.427606e-03,0
1.933521e-03,-1.035771e+01,-2.583996e+00,9.687017e+00,3.536129e+00,-1.658742e+01,-9.839841e+00,-1.314205e+01,-4.188256e-01,-4.094526e+00,-9.814123e+00,-9.652497e+00,-6.543769e-01,3.847222e-02,2.933803e-01,0,7.634356e-05,2.899036e+00,-1.394886e+00,-2.288902e+00,-9.409855e-01,-1.151207e-01,-1.795516e-01,3.608557e-01,2.019298e+00,9.475046e-01,8.454428e-02,-1.513141e+00,-7.321586e-02,-7.694443e-03,2.931526e-03,0
2.094752e-03,-8.108551e+00,-5.305539e+00,6.273206e+00,1.425896e+00,-1.606956e+01,-1.026084e+01,-1.218314e+01,1.901125e+00,-1.452330e+00,-9.533091e+00,-1.153391e+01,-2.794108e-01,3.166667e-02,2.881563e-01,0,2.129378e-04,1.798054e+00,-2.049268e+00,-2.097626e+00,-1.487587e+00,1.177909e+00,-9.091546e-01,1.300521e+00,2.280905e+00,1.249240e+00,-1.075409e-01,-8.750857e-01,-5.749156e-01,-4.902776e-03,2.345910e-02,0
2.341655e-03,-7.284944e+00,-8.348191e+00,3.565430e+00,-2.540089e-01,-1.462863e+01,-1.103699e+01,-1.010581e+01,5.193221e+00,-1.055819e+00,-1.016245e+01,-1.218296e+01,-3.014448e+00,2.944445e-02,3.130607e-01,0,2.213806e-04,9.328222e-01,-1.912988e+00,-1.560055e+00,-1.593963e+00,2.285676e+00,-1.233188e+00,1.582739e+00,2.130362e+00,1.114589e+00,-1.486366e-01,1.901986e-01,-1.216233e+00,-1.861110e-03,3.241284e-02,0
2.654794e-03,-6.770784e+00,-9.681830e+00,3.430336e+00,-1.577570e+00,-1.058070e+01,-1.297879e+01,-8.066516e+00,7.111395e+00,2.914378e-01,-1.041646e+01,-1.102136e+01,-3.302569e+00,2.944445e-02,3.946327e-01,0,1.429293e-04,5.830282e-01,-9.941352e-01,-6.290215e-01,-1.498012e+00,2.641724e+00,-1.320430e+00,1.119866e+00,1.456101e+00,8.369716e-01,6.764525e-01,1.142823e+00,-1.266093e+00,-4.722223e-04,2.182848e-02,0
2.760403e-03,-6.362480e+00,-9.960790e+00,3.308179e+00,-2.931953e+00,-7.903469e+00,-1.464681e+01,-7.286673e+00,7.627850e+00,6.065365e-01,-1.011562e+01,-8.957776e+00,-5.223963e+00,3.027778e-02,4.022063e-01,0,-2.479227e-05,6.087113e-01,-1.725295e-01,-3.192803e-01,-1.154649e+00,1.993982e+00,-8.305963e-01,-9.259238e-02,6.780809e-01,1.090616e+00,2.023861e+00,1.412844e+00,-9.335268e-01,-4.444456e-04,-1.350249e-02,0
2.600025e-03,-5.654642e+00,-9.469915e+00,3.256724e+00,-4.725193e+00,-6.223524e+00,-1.505808e+01,-7.993380e+00,7.964317e+00,1.901351e+00,-6.174242e+00,-7.432379e+00,-5.505119e+00,2.888889e-02,3.527259e-01,0,-1.854600e-04,7.454648e-01,8.517647e-02,-5.260144e-01,-5.276479e-01,5.741350e-01,2.859515e-01,-6.779860e-01,5.222920e-01,1.261200e+00,2.655211e+00,6.840427e-01,-1.256074e+00,-1.277779e-03,-2.890233e-02,0
2.245079e-03,-4.799459e+00,-9.316796e+00,2.055834e+00,-4.453440e+00,-6.837311e+00,-1.415033e+01,-1.060534e+01,8.157165e+00,3.592307e+00,-2.164252e+00,-6.913229e+00,-6.580807e+00,2.750000e-02,2.665017e-01,0,-2.762927e-04,7.859797e-01,1.227572e-01,-7.259132e-01,9.872909e-02,-6.739345e-01,9.740015e-01,-8.253185e-01,-4.737010e-02,1.183928e+00,2.114654e+00,-3.097638e-01,-1.318010e+00,-2.055556e-03,-1.683638e-02,0
1.985156e-03,-3.824970e+00,-9.577945e+00,1.426436e+00,-3.455066e+00,-8.243104e+00,-1.179727e+01,-9.797112e+00,9.458198e+00,5.104552e+00,-1.116091e+00,-8.623422e+00,-8.904515e+00,2.444444e-02,3.179734e-01,0,-2.884287e-04,6.259658e-01,1.086802e-01,-5.027146e-01,4.133801e-01,-1.305834e+00,8.244532e-01,-5.970422e-01,-9.761913e-01,3.531373e-01,6.893973e-01,-1.051156e+00,-1.656012e+00,-1.972222e-03,7.484138e-03,0
1.686374e-03,-3.347417e+00,-9.292989e+00,5.937573e-01,-3.073371e+00,-1.026335e+01,-1.140721e+01,-1.051140e+01,6.644059e+00,4.924578e+00,-2.071428e+00,-9.911074e+00,-1.011432e+01,2.222222e-02,3.354007e-01,0,-2.615001e-04,3.406488e-01,2.945873e-01,4.951868e-02,2.561346e-01,-1.021417e+00,7.159843e-02,-3.791223e-01,-1.967999e+00,-4.577489e-01,-3.309917e-01,-1.202203e+00,-1.068011e+00,-1.444444e-03,2.531429e-02,0
1.437234e-03,-3.250834e+00,-8.938418e+00,1.474189e+00,-3.348326e+00,-1.103967e+01,-1.230737e+01,-1.102556e+01,3.839913e+00,3.000901e+00,-2.773667e+00,-1.118924e+01,-1.201842e+01,2.166667e-02,3.556971e-01,0,-2.257103e-04,1.290318e-01,4.709581e-01,3.675959e-01,3.682840e-01,-1.515744e-01,-7.539626e-01,-2.092911e-01,-2.317103e+00,-9.466194e-01,-4.969485e-01,-6.254018e-01,8.327389e-02,-6.944442e-04,1.648544e-02,0
1.211539e-03,-3.383282e+00,-8.163623e+00,2.279551e+00,-3.226137e+00,-1.054611e+01,-1.353728e+01,-1.188673e+01,1.126310e+00,2.355388e+00,-2.990422e+00,-1.164134e+01,-1.036391e+01,2.166667e-02,3.742113e-01,0,-1.763297e-04,2.855279e-02,6.822237e-01,2.495974e-01,6.134483e-01,8.476402e-01,-8.531192e-01,4.144682e-01,-1.390391e+00,-9.017941e-01,-4.541706e-01,2.261524e-01,1.121154e+00,-7.083330e-04,1.163310e-02,0
1.094022e-03,-3.161879e+00,-7.787838e+00,2.421519e+00,-1.537262e+00,-8.859597e+00,-1.450204e+01,-1.015590e+01,6.315567e-01,1.656050e+00,-3.141336e+00,-1.088530e+01,-8.363351e+00,2.125000e-02,3.809953e-01,0,-1.441842e-04,-9.120250e-02,7.228707e-01,-4.725338e-01,6.097605e-01,1.361583e+00,-1.054694e+00,9.682580e-01,-7.417625e-01,-6.664780e-01,-1.584263e-01,1.552419e+00,1.724408e+00,-8.055557e-04,-9.934145e-03,0
9.763313e-04,-3.249130e+00,-6.457161e+00,1.368079e+00,-9.116614e-01,-7.115188e+00,-1.457547e+01,-8.873887e+00,1.296281e+00,1.088034e+00,-4.158447e+00,-8.932281e+00,-6.336086e+00,1.888889e-02,3.809171e-01,0,-1.268163e-04,-2.668816e-01,6.442506e-01,-8.656456e-01,1.287443e-01,1.018154e+00,-7.930849e-01,1.344268e+00,-1.087151e-01,-1.438177e-01,3.144318e-01,2.470392e+00,1.249467e+00,-5.833333e-04,-2.077555e-02,0
8.339169e-04,-3.773923e+00,-6.177296e+00,-4.327439e-01,-1.456762e+00,-5.947218e+00,-1.706175e+01,-7.690691e+00,4.611560e-02,3.021879e-01,-2.981787e+00,-4.781672e+00,-5.410296e+00,1.902778e-02,3.026735e-01,0,-1.260808e-04,-2.999232e-01,5.502743e-01,-6.394473e-01,-4.059692e-01,2.271378e-01,-4.745717e-01,8.563486e-01,-2.055409e-01,3.518547e-01,2.439167e-01,2.262796e+00,8.976916e-01,-2.916668e-04,-2.813141e-02,0
7.075102e-04,-4.411668e+00,-5.747641e+00,-6.215456e-01,-2.622666e+00,-6.911531e+00,-1.622285e+01,-6.397993e+00,8.754553e-01,2.313230e+00,-1.498038e+00,-2.341192e+00,-5.593102e+00,1.986111e-02,3.094945e-01,0,-1.129336e-04,3.557203e-02,6.848056e-01,1.808862e-01,-3.084354e-01,-2.521101e-01,1.099178e-01,1.727170e-01,-6.622989e-01,2.717229e-01,-3.675346e-02,1.403925e+00,1.073483e+00,-5.555557e-04,-2.046363e-02,0
5.980280e-04,-4.080226e+00,-5.391226e+00,2.190947e-01,-2.711606e+00,-7.825737e+00,-1.605121e+01,-7.112108e+00,-1.857350e-01,2.802725e+00,-3.251957e+00,-2.866865e+00,-4.246385e+00,1.930556e-02,2.760495e-01,0,-7.562894e-05,6.145748e-01,9.693294e-01,6.651171e-01,-2.095747e-01,-6.524687e-02,5.944867e-01,-5.788836e-01,-1.179075e+00,-7.195694e-01,-6.097974e-01,6.235131e-01,1.433542e+00,-1.638889e-03,-5.751753e-03,0
5.296079e-04,-2.918119e+00,-3.426168e+00,1.946591e+00,-1.826416e+00,-7.436479e+00,-1.453115e+01,-8.299594e+00,-1.899289e+00,1.196380e+00,-4.207129e+00,-2.870060e+00,-1.550629e+00,1.597222e-02,2.919109e-01,0,-2.369053e-05,1.115747e+00,1.111037e+00,3.033178e-01,-5.009230e-01,6.249403e-01,4.977685e-01,-6.581076e-01,-1.807892e+00,-1.901491e+00,-3.360775e-01,9.502896e-01,1.222706e+00,-2.513889e-03,1.655826e-02,0
5.447233e-04,-1.447824e+00,-2.491385e+00,1.608773e+00,-2.902761e+00,-6.010979e+00,-1.493517e+01,-9.634309e+00,-4.461890e+00,-2.737234e+00,-4.676229e+00,-1.399672e+00,-2.638198e-01,1.277778e-02,2.827065e-01,0,3.400756e-05,1.256545e+00,9.447565e-01,-5.313194e-01,-1.332990e+00,1.296912e+00,5.157720e-01,-2.128705e-01,-1.434849e+00,-2.117265e+00,7.885073e-01,1.824910e+00,9.862558e-02,-2.458333e-03,3.541003e-02,0
6.157099e-04,-1.491344e-01,-1.642377e+00,2.002043e-01,-5.031703e+00,-4.694209e+00,-1.429203e+01,-8.427430e+00,-6.025928e+00,-4.424244e+00,-2.466290e+00,1.676659e+00,-1.470855e+00,1.055556e-02,3.889573e-01,0,6.950765e-05,9.540499e-01,6.038182e-01,-7.396255e-01,-1.698839e+00,1.655742e+00,8.578663e-02,7.527447e-02,-5.125982e-01,-1.017251e+00,1.471642e+00,1.389097e+00,-1.375747e+00,-1.472222e-03,3.858157e-02,0
7.250148e-04,8.180076e-01,-1.559339e+00,-1.564309e+00,-7.773911e+00,-2.712312e+00,-1.359191e+01,-8.112542e+00,-5.296661e+00,-4.973286e+00,-1.798401e-01,3.984324e+00,-3.793144e+00,9.722223e-03,4.045765e-01,0,7.303544e-05,3.974758e-01,2.193474e-01,-3.978884e-02,-1.397155e+00,1.777734e+00,4.770632e-02,5.379667e-02,7.212778e-01,5.439098e-01,1.670658e+00,3.600227e-01,-1.740923e+00,-4.027776e-04,2.477770e-02,0
7.870004e-04,7.192152e-01,-8.730999e-01,-1.649953e-01,-7.885036e+00,-8.071027e-01,-1.477385e+01,-8.684105e+00,-4.044894e+00,-2.771847e+00,9.028861e-01,1.383427e+00,-6.664702e+00,1.013889e-02,4.238838e-01,0,4.697022e-05,-1.176549e-02,-1.892645e-01,9.000694e-01,-7.594146e-01,1.242652e+00,-1.961727e-01,-5.226521e-01,1.302608e+00,1.306101e+00,7.056590e-01,-1.228030e+00,-1.315155e+00,2.083333e-04,2.710244e-03,0
8.242552e-04,1.053809e-01,-1.779287e+00,1.592429e+00,-8.461869e+00,9.341397e-01,-1.445573e+01,-9.236988e+00,-1.846018e+00,-8.438833e-01,1.992476e+00,5.470576e-01,-6.371510e+00,1.097222e-02,3.891318e-01,0,9.886484e-06,-1.597836e-01,-5.347303e-01,1.404038e+00,-7.751675e-02,5.184276e-01,-6.770077e-02,-1.105284e+00,1.126130e+00,7.617208e-01,-7.810013e-01,-2.141919e+00,-3.216319e-01,1.944443e-04,1.924646e-03,0
8.009408e-04,1.483516e-01,-2.478725e+00,3.122183e+00,-8.484797e+00,-3.041756e-01,-1.484098e+01,-1.047847e+01,-1.238207e+00,4.155771e-02,-2.415276e-02,-2.744859e+00,-6.757446e+00,1.097222e-02,4.102308e-01,0,-1.293339e-05,6.911852e-02,-8.489579e-01,1.155633e+00,4.663896e-01,-3.626839e-01,1.558143e-01,-1.443638e+00,5.850741e-01,-1.429520e-01,-1.954961e+00,-2.161914e+00,2.260170e-01,-9.722235e-05,9.871632e-04,0
7.674770e-04,3.045214e-01,-3.430178e+00,3.812291e+00,-7.861614e+00,-3.716372e-01,-1.389684e+01,-1.274178e+01,-1.069354e+00,-2.571384e+00,-3.621327e+00,-4.661127e+00,-5.354931e+00,1.027778e-02,4.210261e-01,0,-1.302089e-05,4.941002e-02,-6.452223e-01,9.667347e-01,1.467763e+00,-8.038291e-01,-1.021180e-01,-1.280266e+00,-1.843922e-02,-2.591086e-01,-2.556911e+00,-1.903689e+00,1.434226e-01,-2.083334e-04,4.556549e-03,0
7.507225e-04,9.652376e-01,-4.292444e+00,4.503236e+00,-5.853216e+00,-1.967634e+00,-1.427422e+01,-1.414990e+01,-1.507855e+00,-2.622856e+00,-6.065018e+00,-6.822053e+00,-6.042906e+00,1.000000e-02,4.128724e-01,0,6.648246e-07,-3.201936e-01,-2.679734e-01,6.862801e-01,2.111204e+00,-9.408050e-01,-6.886433e-01,-3.470833e-01,-2.731996e-01,5.292509e-01,-1.628924e+00,-6.802184e-01,-2.986603e-02,-6.944434e-05,-9.531287e-03,0
7.842599e-04,-5.601203e-02,-4.098539e+00,5.735575e+00,-2.438844e+00,-2.253277e+00,-1.524970e+01,-1.380260e+01,-1.803390e+00,-8.072190e-01,-7.771648e+00,-6.932789e+00,-6.011667e+00,1.041667e-02,4.105937e-01,0,-1.104840e-05,-8.683790e-01,2.911717e-01,5.015092e-02,2.215356e+00,-1.373962e+00,-1.045130e+00,7.626725e-01,-4.462749e-01,1.310292e+00,-1.661162e-02,5.120239e-02,-3.058509e-01,3.333333e-04,-2.377652e-02,0
7.958735e-04,-1.272350e+00,-3.484411e+00,5.591941e+00,-6.401626e-01,-4.067381e+00,-1.760777e+01,-1.168347e+01,-2.237187e+00,1.805729e+00,-6.093610e+00,-5.010120e+00,-6.578409e+00,1.055556e-02,3.677906e-01,0,-5.070661e-05,-1.218188e+00,2.843953e-01,-8.629863e-01,1.779353e+00,-1.649642e+00,-5.300202e-01,8.883910e-01,-3.986934e-01,1.073905e+00,1.063055e+00,1.010852e-01,-4.783745e-02,7.638889e-04,-3.582681e-02,0
6.896596e-04,-2.918580e+00,-2.378336e+00,3.518693e+00,6.086389e-01,-6.191576e+00,-1.745572e+01,-1.016163e+01,-2.936062e+00,1.765780e+00,-3.690089e+00,-5.311081e+00,-6.616435e+00,1.166667e-02,3.246844e-01,0,-1.006140e-04,-1.111381e+00,-2.534380e-01,-1.702406e+00,1.233007e+00,-2.004801e+00,9.170895e-01,3.287551e-01,-6.661680e-01,4.608159e-01,1.182529e+00,-6.322705e-01,3.007283e-02,1.236111e-03,-3.645227e-02,0
5.444897e-04,-3.694419e+00,-3.730569e+00,1.296746e+00,1.519808e+00,-8.246692e+00,-1.582131e+01,-1.152843e+01,-2.934986e+00,1.460171e+00,-2.790521e+00,-7.127481e+00,-5.979710e+00,1.319444e-02,2.766930e-01,0,-1.155967e-04,-8.378586e-01,-7.239656e-01,-1.294950e+00,1.248004e+00,-1.731813e+00,1.875893e+00,-3.777220e-01,-3.602573e-01,4.902360e-01,3.678611e-01,-1.440105e+00,1.259589e-02,1.527778e-03,-2.141430e-02,0
4.068816e-04,-4.401882e+00,-5.242651e+00,-6.288578e-01,2.646205e+00,-1.018762e+01,-1.155748e+01,-1.223635e+01,-4.785331e+00,1.669639e+00,-3.510547e+00,-9.035460e+00,-6.160652e+00,1.527778e-02,2.738812e-01,0,-9.296164e-05,-4.352649e-01,-5.472478e-01,-9.719445e-02,1.319916e+00,-1.034268e+00,2.069539e+00,-2.235326e-01,1.248874e-01,7.918008e-01,-1.490208e-01,-1.122218e+00,-2.101202e-01,1.013889e-03,-3.458697e-03,0
3.592792e-04,-4.719992e+00,-5.672082e+00,1.190966e+00,4.581075e+00,-1.072842e+01,-1.117743e+01,-1.253472e+01,-3.113839e+00,4.304980e+00,-4.344076e+00,-1.034846e+01,-6.743320e+00,1.638889e-02,2.861207e-01,0,-6.032315e-05,-4.354520e-02,4.096331e-01,1.145503e+00,1.304495e+00,3.436470e-02,1.470640e+00,4.128079e-01,6.659652e-01,9.834744e-01,3.658465e-01,3.332043e-02,-1.350885e-01,9.722244e-05,1.313822e-02,0
3.174565e-04,-4.582118e+00,-4.143818e+00,3.085611e+00,5.677588e+00,-1.012205e+01,-9.429965e+00,-1.077615e+01,-2.222198e+00,4.302380e+00,-3.658416e+00,-9.311683e+00,-7.285230e+00,1.513889e-02,3.026771e-01,0,-3.843286e-05,2.344837e-01,1.071053e+00,1.531777e+00,9.291437e-01,1.300990e+00,1.082095e+00,8.425411e-01,9.856535e-01,4.460079e-01,5.746344e-01,1.372261e+00,3.266957e-01,-7.916664e-04,1.866636e-02,0
2.875865e-04,-3.822026e+00,-2.231820e+00,5.167026e+00,6.526589e+00,-8.107655e+00,-9.531873e+00,-1.019449e+01,-8.867266e-01,5.061172e+00,-8.873537e-01,-6.822768e+00,-6.092863e+00,1.375000e-02,3.279862e-01,0,-3.782733e-05,1.706098e-01,1.098428e+00,7.849615e-01,1.478799e-01,2.029875e+00,1.089077e+00,1.184963e+00,4.393942e-01,-5.653352e-01,6.397592e-01,1.956330e+00,8.295480e-01,-6.111107e-04,1.224256e-02,0
2.505637e-04,-3.678446e+00,-1.607519e+00,5.041999e+00,6.319166e+00,-4.993058e+00,-6.969784e+00,-9.193759e+00,-9.706199e-01,3.521583e+00,-2.365736e+00,-3.937001e+00,-4.852402e+00,1.263889e-02,3.462802e-01,0,-3.706510e-05,-3.251218e-01,6.005133e-01,-1.829495e-01,-5.119609e-01,2.081353e+00,6.816410e-01,1.572650e+00,7.191471e-01,-7.134345e-01,1.164636e-01,1.717260e+00,1.083163e+00,6.111111e-04,-1.186171e-02,0
2.035890e-04,-4.318779e+00,-1.448092e+00,4.137579e+00,4.999686e+00,-3.143540e+00,-6.962132e+00,-7.401102e+00,-1.542657e+00,1.868702e+00,-1.791620e+00,-3.254147e+00,-3.811995e+00,1.458333e-02,3.255320e-01,0,1.031201e-04,-1.603390e+00,-5.977754e-02,-3.376896e-01,-1.963733e+00,2.045033e+00,-2.944061e-01,1.729901e+00,1.106735e+00,-7.813408e-01,-2.128156e-01,1.719061e+00,9.942086e-01,3.569444e-03,-3.480555e-02,0
1.741298e-04,-5.959351e+00,-1.533115e+00,2.685587e+00,3.881235e+00,-2.197343e+00,-7.306631e+00,-4.309592e+00,1.701503e+00,2.331443e+00,-2.623964e+00,-2.509694e+00,-3.009851e+00,1.777778e-02,2.445956e-01,0,5.509717e-04,-3.283960e+00,-5.460405e-02,2.123825e-01,-3.403072e+00,1.944836e+00,-2.103305e+00,1.196620e+00,1.986982e+00,-5.133049e-01,1.719694e-02,2.097018e+00,8.708858e-01,8.444444e-03,-4.014828e-02,0
8.414038e-04,-1.069852e+01,-2.567909e+00,4.656784e+00,-2.073113e+00,7.196539e-01,-1.083548e+01,-3.987073e+00,3.310889e+00,1.749538e+00,-1.822318e+00,1.058882e+00,-2.043096e+00,2.902778e-02,2.048007e-01,0,9.783241e-04,-4.478459e+00,2.640327e-01,1.245161e+00,-4.393987e+00,1.933647e+00,-3.191159e+00,5.104176e-01,2.096979e+00,-6.368327e-01,9.500148e-02,2.320896e+00,9.321145e-01,1.406944e-02,-2.588789e-02,0
2.686515e-03,-1.690837e+01,-1.320630e+00,5.844309e+00,-7.159795e+00,2.799527e+00,-1.554964e+01,-4.917671e+00,6.537516e+00,1.014640e+00,-2.264403e+00,4.391575e+00,-1.382423e+00,4.763889e-02,2.059045e-01,0,9.987389e-04,-4.138003e+00,9.427965e-01,1.565248e+00,-3.467606e+00,8.521352e-01,-3.022357e+00,-1.438546e-01,1.085701e+00,-1.104652e+00,2.297467e-01,9.887163e-01,5.601833e-01,1.623611e-02,6.258874e-03,0
3.839017e-03,-2.123656e+01,-2.341716e-01,8.784021e+00,-1.144973e+01,4.026258e+00,-1.879642e+01,-4.544974e+00,6.524230e+00,-6.570599e-01,-1.496393e+00,4.899696e+00,3.486363e-02,7.000000e-02,2.154381e-01,0,4.201090e-04,-1.756070e+00,1.365647e+00,1.375922e+00,-1.182701e+00,-1.636292e+00,-1.945343e+00,-3.998060e-01,-9.319105e-02,-1.487735e+00,-1.260263e-01,-9.324565e-01,-1.927396e-01,1.119445e-02,1.797654e-02,0
3.669018e-03,-2.138035e+01,2.013999e+00,8.448207e+00,-8.768484e+00,4.100315e-01,-1.843794e+01,-4.749914e+00,5.523338e+00,-1.988520e+00,-1.638193e+00,5.134808e-01,-1.247914e+00,7.847222e-02,2.705713e-01,0,-1.520914e-04,9.272602e-01,8.471001e-01,1.408841e+00,5.265516e-01,-3.979353e+00,-1.451177e+00,-9.454849e-01,-1.302336e+00,-2.040760e+00,-5.392506e-01,-1.780841e+00,-7.162111e-01,-6.944463e-05,4.455344e-02,0
2.450697e-03,-1.724289e+01,2.593010e+00,1.023444e+01,-7.182272e+00,-6.267057e+00,-1.911804e+01,-6.069981e+00,3.352022e+00,-4.187559e+00,-2.765554e+00,-1.664353e+00,-3.074048e+00,6.958333e-02,2.623500e-01,0,-1.725245e-04,2.500539e+00,-6.235796e-03,1.537080e+00,8.770019e-01,-5.355474e+00,-2.172963e+00,-1.429935e+00,-1.514888e+00,-2.428302e+00,-8.097645e-01,-1.086655e+00,-5.297807e-01,-1.073611e-02,6.519134e-02,1.549637e+01
2.620218e-03,-1.426891e+01,1.501279e+00,1.216330e+01,-6.660767e+00,-1.195058e+01,-2.264471e+01,-8.882592e+00,1.611942e+00,-7.423912e+00,-4.326075e+00,-1.230606e+00,-3.409023e+00,4.750000e-02,4.052157e-01,0,1.722295e-04,2.280911e+00,-1.136533e+00,2.103245e+00,-6.529383e-02,-4.311900e+00,-3.025295e+00,-1.053472e+00,-1.339543e+00,-2.443119e+00,-7.674152e-01,-1.629712e-01,4.242773e-01,-1.452778e-02,8.697404e-02,3.862997e+01
3.500795e-03,-1.228959e+01,-8.990605e-03,1.461187e+01,-8.118580e+00,-1.657081e+01,-2.755785e+01,-9.628312e+00,9.054886e-01,-1.008087e+01,-4.201274e+00,3.384638e-01,-1.533486e+00,3.180556e-02,4.740726e-01,7.748183e+01,4.913196e-04,1.134681e+00,-1.570466e+00,2.191334e+00,-3.121486e-01,-2.488921e+00,-2.839284e+00,1.260605e-02,-8.960211e-01,-2.579578e+00,-8.347822e-01,-2.932824e-01,5.977324e-01,-1.105556e-02,8.037151e-02,6.156086e+01
4.005116e-03,-1.245244e+01,-2.367666e+00,1.677572e+01,-8.626800e+00,-1.599759e+01,-2.934451e+01,-8.238109e+00,4.889083e-02,-1.125745e+01,-4.757409e+00,-1.302783e+00,1.031910e-01,2.472222e-02,5.995802e-01,1.544089e+02,3.494711e-04,4.327540e-01,-1.292687e+00,2.165027e+00,-5.903197e-03,-1.372130e+00,-1.868187e+00,9.348457e-01,-7.515306e-01,-2.398810e+00,-1.030032e-01,-9.313687e-01,-2.546886e-01,-4.250000e-03,2.514114e-02,4.593540e+01
4.214846e-03,-1.247772e+01,-3.324849e+00,1.888491e+01,-7.759999e+00,-1.668815e+01,-2.996456e+01,-6.329193e+00,-3.465578e-01,-1.516868e+01,-6.723798e+00,-3.094676e+00,-1.841492e+00,2.569444e-02,5.670253e-01,2.305998e+02,5.074837e-05,1.928979e-01,-8.090647e-01,2.082215e+00,6.335512e-01,-1.438272e+00,-6.358067e-01,7.153472e-01,-1.119047e+00,-1.763769e+00,1.061877e+00,-1.177636e+00,-1.275130e+00,9.722244e-05,-1.833444e-02,-3.872772e-01
4.010548e-03,-1.201107e+01,-3.304226e+00,2.085192e+01,-6.869573e+00,-1.875256e+01,-3.078230e+01,-5.857923e+00,-1.519688e+00,-1.687406e+01,-3.579829e+00,-4.170880e+00,-4.528462e+00,2.930555e-02,4.844451e-01,1.531180e+02,-2.887888e-04,4.201745e-01,-4.971578e-02,1.737598e+00,9.052862e-01,-2.111613e+00,4.047241e-01,-1.405558e-01,-1.473129e+00,-3.881848e-01,2.407482e+00,-1.000934e+00,-1.729638e+00,1.708334e-03,-5.162245e-02,-4.632268e+01
3.751821e-03,-1.154578e+01,-3.586034e+00,2.298485e+01,-5.829437e+00,-2.238468e+01,-3.001800e+01,-7.241669e+00,-3.905459e+00,-1.609142e+01,5.193183e-01,-4.115668e+00,-5.593309e+00,3.000000e-02,4.399680e-01,7.619091e+01,-5.143330e-04,3.930054e-01,2.335530e-01,1.041897e+00,7.418076e-01,-1.704727e+00,1.594030e+00,-1.489024e-01,-1.204367e+00,1.155820e+00,2.692272e+00,-8.312187e-01,-9.528300e-01,1.180556e-03,-2.810910e-02,-6.143177e+01
2.792685e-03,-1.081754e+01,-2.485652e+00,2.341374e+01,-5.065650e+00,-2.370739e+01,-2.729417e+01,-8.484650e+00,-5.537304e+00,-1.273701e+01,3.658442e+00,-5.796957e+00,-6.669089e+00,3.111111e-02,4.049967e-01,0,-5.491743e-04,9.604730e-02,2.085907e-01,-8.904839e-03,7.080014e-01,-5.227432e-01,2.247400e+00,8.454531e-01,-2.780795e-03,1.665595e+00,1.403078e+00,-5.072932e-01,-2.310655e-01,1.013889e-03,7.974619e-03,-3.824269e+01
2.252112e-03,-1.110946e+01,-2.566371e+00,2.281348e+01,-4.952922e+00,-2.273437e+01,-2.373847e+01,-5.760341e+00,-4.359586e+00,-1.145810e+01,3.118427e+00,-6.437731e+00,-5.535328e+00,3.069445e-02,4.662040e-01,0,-4.528233e-04,-2.792061e-01,5.625286e-02,-8.267004e-01,4.893126e-01,8.177254e-01,1.617495e+00,1.636239e+00,1.063705e+00,9.846113e-01,1.852815e-01,-5.344919e-01,-1.643407e-01,1.152778e-03,2.060671e-02,-1.523818e+01
2.014531e-03,-1.174900e+01,-2.771104e+00,2.089308e+01,-3.767823e+00,-2.119143e+01,-2.268506e+01,-2.371321e+00,-1.306528e+00,-1.086274e+01,2.136008e+00,-5.546314e+00,-5.712780e+00,3.402778e-02,5.112001e-01,0,-2.499252e-04,-4.971430e-01,-2.734861e-02,-1.045272e+00,1.935545e-01,1.582175e+00,-1.441526e-01,9.607574e-01,1.018369e+00,-9.592247e-03,-3.744592e-01,-1.142753e-01,-2.804057e-01,3.888888e-04,1.109540e-02,0
1.876781e-03,-1.247608e+01,-3.162044e+00,2.011167e+01,-4.031786e+00,-1.955404e+01,-2.423508e+01,-2.117139e+00,-7.023196e-01,-1.210549e+01,2.206943e+00,-6.913448e+00,-6.893167e+00,3.430556e-02,4.898998e-01,0,-1.687866e-04,-4.371738e-01,4.654319e-01,-4.657654e-01,-3.428272e-01,1.532467e+00,-1.843138e+00,-5.577720e-01,-1.790052e-01,-8.978888e-01,-3.647275e-01,-3.143693e-01,-7.614085e-01,-8.611117e-04,-2.764587e-02,0
1.730724e-03,-1.261994e+01,-2.324559e+00,1.953828e+01,-4.558445e+00,-1.738668e+01,-2.776663e+01,-5.502464e+00,-2.274091e+00,-1.246127e+01,2.241888e+00,-6.130475e+00,-7.392198e+00,3.125000e-02,4.486258e-01,0,-1.424944e-04,-2.901610e-01,8.743460e-01,1.999228e-01,-8.002243e-01,1.187559e+00,-2.128042e+00,-1.543287e+00,-1.413571e+00,-1.602734e+00,-6.519244e-01,2.180576e-04,-1.313006e-01,-2.347222e-03,-4.040549e-02,0
1.550082e-03,-1.285986e+01,-4.624836e-01,2.116206e+01,-6.271748e+00,-1.697441e+01,-3.041337e+01,-6.983630e+00,-4.770831e+00,-1.514828e+01,1.241850e+00,-7.717497e+00,-8.502662e+00,2.777778e-02,3.592618e-01,0,-1.574246e-04,-1.516737e-01,9.780918e-01,5.014950e-01,-4.627447e-01,2.146639e-01,-1.443780e+00,-7.066775e-01,-1.477953e+00,-1.728514e+00,-1.422306e+00,1.706074e-01,6.610893e-01,-2.486111e-03,-3.998656e-02,0
1.465408e-03,-1.300792e+01,2.508463e-01,2.136750e+01,-6.648964e+00,-1.654345e+01,-3.023612e+01,-7.654512e+00,-6.340128e+00,-1.735502e+01,-6.410672e-01,-5.143199e+00,-5.564535e+00,2.555556e-02,3.744917e-01,0,-1.892920e-04,-4.411001e-02,6.413316e-01,1.596716e-01,3.496943e-01,-2.591099e-01,4.425545e-02,7.163623e-01,-6.403480e-01,-6.558971e-01,-1.583648e+00,-4.835033e-03,1.224777e+00,-1.555555e-03,-3.382717e-02,0
1.222316e-03,-1.304046e+01,4.407127e-01,2.170454e+01,-5.300250e+00,-1.890233e+01,-3.021923e+01,-4.574502e+00,-6.059065e+00,-1.830119e+01,-3.463110e+00,-6.554049e+00,-4.501552e+00,2.472222e-02,3.270341e-01,0,-1.884292e-04,1.490831e-02,3.724456e-01,-6.091909e-01,1.219756e+00,1.981152e-01,1.002202e+00,1.955045e+00,5.254209e-01,1.846892e+00,-1.046368e+00,8.319668e-02,1.613292e+00,5.833335e-04,-2.892979e-02,0
9.481469e-04,-1.275019e+01,4.305006e-01,2.006540e+01,-3.295722e+00,-1.771827e+01,-2.764243e+01,-3.125217e+00,-4.831714e+00,-1.416431e+01,-3.323872e+00,-6.736374e+00,-3.268869e+00,2.500000e-02,2.956038e-01,0,5.496491e-06,-4.113583e-01,8.773295e-01,-1.066360e+00,1.244105e+00,1.994810e+00,1.090360e+00,2.295995e+00,8.497084e-01,3.715975e+00,-1.783234e-01,-2.207241e-01,9.734708e-01,4.569443e-03,-2.519625e-02,0
8.665668e-04,-1.291418e+01,1.309917e+00,1.876715e+01,-1.849588e+00,-1.539643e+01,-2.669921e+01,5.269470e-01,-2.897933e+00,-7.509177e+00,-2.648590e+00,-6.504927e+00,-1.584034e+00,3.097222e-02,2.540568e-01,0,6.167960e-04,-1.459973e+00,2.014323e+00,-1.252533e+00,4.957823e-01,4.142159e+00,1.523146e-01,1.679158e+00,5.946196e-01,3.579429e+00,5.912017e-01,5.464308e-01,6.814011e-01,1.058333e-02,5.792022e-03,0
1.670765e-03,-1.512785e+01,4.202892e+00,1.750439e+01,-2.153772e+00,-8.322353e+00,-2.654434e+01,1.274737e+00,-3.672152e+00,-4.171150e+00,-1.939944e+00,-6.271381e+00,-2.155940e+00,4.527777e-02,2.849990e-01,0,1.326484e-03,-2.713852e+00,2.827265e+00,-1.194947e+00,-3.875210e-01,4.961216e+00,-1.315201e+00,9.141729e-01,-3.392906e-02,1.552509e+00,7.021937e-01,8.355938e-01,5.973488e-02,1.598611e-02,3.033409e-02,0
3.944987e-03,-1.915149e+01,8.626135e+00,1.672238e+01,-3.392314e+00,-2.889498e+00,-3.000670e+01,1.621310e+00,-3.665748e+00,-5.400622e+00,-1.199066e+00,-4.054391e+00,-1.651011e+00,6.750000e-02,3.612966e-01,0,1.811950e-03,-3.321545e+00,2.835442e+00,-1.237602e+00,-8.377596e-01,4.396235e+00,-1.698307e+00,-2.643437e-01,-2.687758e-01,-3.830775e-01,6.112794e-01,7.197624e-01,-2.765346e-01,1.755556e-02,3.537282e-02,0
6.041359e-03,-2.320079e+01,1.090872e+01,1.511305e+01,-4.461964e+00,8.343442e-01,-3.256469e+01,8.984665e-01,-4.617452e+00,-7.456040e+00,-5.376660e-01,-3.783673e+00,-2.936706e+00,8.666667e-02,3.936544e-01,0,1.583340e-03,-2.751260e+00,1.700343e+00,-1.365912e+00,-6.055419e-01,2.785425e+00,-1.319884e+00,-1.112215e+00,8.900485e-02,-5.398254e-01,3.421409e-01,1.694925e-01,-6.880794e-02,1.394445e-02,5.534893e-03,0
7.741019e-03,-2.548544e+01,1.213422e+01,1.377481e+01,-4.884289e+00,2.006401e+00,-3.218057e+01,-6.066362e-01,-3.769162e+00,-7.782119e+00,-2.933321e-01,-4.149969e+00,-2.576324e+00,9.805555e-02,3.765932e-01,0,7.441658e-04,-1.500911e+00,3.125508e-01,-1.348168e+00,2.142173e-01,1.454733e+00,-2.518215e-01,-2.261792e+00,5.654654e-01,7.084088e-01,4.385165e-01,-4.758138e-01,6.014419e-02,7.888889e-03,-1.867376e-02,0
7.689451e-03,-2.571718e+01,1.095057e+01,1.214861e+01,-4.435494e+00,3.156820e+00,-3.205682e+01,-3.172364e+00,-3.175421e+00,-5.679529e+00,-6.821064e-01,-5.376130e+00,-2.037323e+00,9.972223e-02,3.050252e-01,0,-2.189414e-04,-4.181967e-01,-7.353965e-01,-8.632538e-01,1.092715e+00,4.567712e-01,7.104561e-01,-2.884357e+00,1.228984e+00,2.243251e+00,8.777202e-01,3.189225e-02,6.749623e-01,2.902779e-03,-3.526462e-02,0
6.841770e-03,-2.539786e+01,1.016796e+01,1.146375e+01,-2.334462e+00,3.222927e+00,-3.151974e+01,-7.652233e+00,-1.559436e+00,-2.746834e+00,1.065737e+00,-5.637232e+00,-1.799981e+00,1.004167e-01,3.122424e-01,0,-9.589543e-04,5.558376e-02,-1.275049e+00,3.356552e-03,1.680989e+00,-1.542339e-01,1.279846e+00,-2.749266e+00,1.626721e+00,2.802457e+00,1.093148e+00,3.748292e-01,6.654695e-01,2.778024e-05,-3.575039e-02,0
5.396277e-03,-2.533556e+01,8.214862e+00,1.195231e+01,-2.733045e-01,2.509937e+00,-2.934282e+01,-1.000052e+01,4.226063e-01,1.242571e+00,3.171400e+00,-2.880580e+00,4.993423e-02,1.000000e-01,2.495067e-01,0,-1.139541e-03,7.354965e-02,-1.198998e+00,5.235504e-01,1.369607e+00,-5.220322e-01,2.429608e+00,-1.447445e+00,1.036564e+00,1.945557e+00,6.348988e-01,6.713822e-01,5.021571e-01,-1.208334e-03,-3.727597e-02,0
4.092834e-03,-2.539832e+01,7.126822e+00,1.388975e+01,1.439559e+00,1.558673e+00,-2.713834e+01,-1.093889e+01,2.565428e+00,2.769118e+00,3.245656e+00,-3.523598e+00,-2.926058e-01,9.805556e-02,2.256005e-01,0,-9.795997e-04,1.773579e-01,-1.047641e+00,-1.265970e-01,7.044756e-02,-8.029831e-03,3.649503e+00,-9.533043e-02,-4.595807e-01,2.283632e-01,-1.453951e+00,7.392915e-01,3.825418e-01,-2.041666e-03,-3.216799e-02,0
3.366216e-03,-2.534920e+01,6.476151e+00,1.355337e+01,5.255286e-01,1.378786e+00,-2.209948e+01,-8.766261e+00,-5.503035e-02,1.290282e+00,1.402428e+00,-3.076035e+00,-2.802252e-01,9.486111e-02,1.619663e-01,0,-7.271073e-04,4.269300e-01,-6.533996e-01,-1.500207e+00,-9.251920e-01,5.886270e-01,4.536308e+00,9.411357e-01,-2.389227e+00,-1.604120e+00,-2.804108e+00,6.288947e-01,-7.677121e-02,-1.750001e-03,-9.958339e-03,0
2.958802e-03,-2.450425e+01,5.799114e+00,1.003024e+01,-2.381641e+00,3.748353e+00,-1.689390e+01,-8.746016e+00,-3.618521e+00,-1.628873e+00,-5.319533e+00,-1.843046e+00,2.778077e-01,9.277778e-02,1.951727e-01,0,-5.273917e-04,8.050722e-01,-3.652996e-01,-2.753513e+00,-1.500152e+00,5.540746e-01,4.417418e+00,1.661533e+00,-2.685463e+00,-1.853669e+00,-3.375175e+00,4.855305e-01,5.725081e-02,-9.861126e-04,6.302523e-03,0
2.327756e-03,-2.364795e+01,5.611718e+00,6.381031e+00,-2.988664e+00,4.358232e+00,-1.178350e+01,-6.391279e+00,-8.431553e+00,-4.579032e+00,-6.566547e+00,-5.763819e-01,-6.191286e-01,9.388889e-02,2.149289e-01,0,-4.732930e-04,1.282378e+00,-5.059748e-02,-2.990134e+00,-1.472110e+00,-5.635209e-01,2.938413e+00,2.286184e+00,-1.476276e+00,-9.640993e-01,-1.671221e+00,-4.571331e-01,-1.492966e-01,-5.277783e-04,1.387956e-02,0
1.975106e-03,-2.222359e+01,5.732540e+00,3.708350e+00,-4.304106e+00,2.839323e+00,-1.020924e+01,-3.818714e+00,-6.673628e+00,-3.564572e+00,-9.645730e+00,-2.345772e+00,1.630999e-01,9.361111e-02,2.306318e-01,0,-3.761305e-04,1.617671e+00,2.475421e-01,-2.626331e+00,-1.943391e+00,-1.453412e+00,1.631369e+00,2.734046e+00,5.443287e-03,5.143127e-01,6.839313e-01,-1.040918e+00,1.897889e-01,-1.319444e-03,3.063255e-03,0
1.491599e-03,-2.007764e+01,6.256450e+00,1.763644e+00,-5.873787e+00,-9.843034e-01,-1.074975e+01,2.010088e-01,-5.908857e+00,-2.562365e+00,-4.790576e+00,-5.110338e+00,-9.693541e-01,9.180555e-02,2.136345e-01,0,-2.455815e-04,1.679816e+00,2.794659e-01,-1.625730e+00,-2.094492e+00,-7.689463e-01,1.129833e+00,2.182271e+00,7.676669e-01,6.192145e-01,1.979385e+00,-9.667214e-01,3.465033e-01,-3.499998e-03,-4.857795e-03,0
1.496229e-03,-1.820105e+01,6.714458e+00,-7.927203e-01,-1.065604e+01,-8.474383e-01,-9.253933e+00,1.628069e+00,-4.852653e+00,-6.564334e-02,-2.787862e+00,-4.780658e+00,1.401865e+00,8.722223e-02,2.111362e-01,0,-1.725944e-04,1.767488e+00,5.803801e-01,-3.287433e-01,-1.518396e+00,3.464584e-01,7.330048e-01,4.711163e-01,-2.697156e-01,-4.252643e-01,2.563779e+00,-3.271546e-02,1.388588e-01,-7.250001e-03,-3.142331e-03,0
1.339288e-03,-1.726014e+01,6.518088e+00,5.029165e-01,-1.028516e+01,2.356881e+00,-6.611985e+00,1.796685e+00,-5.503706e+00,-3.232424e+00,-9.855405e-02,-4.192546e+00,4.940050e-01,7.958334e-02,2.003878e-01,0,-1.333060e-04,2.114294e+00,8.465848e-01,7.224239e-01,-4.202610e-01,8.517565e-01,3.991880e-02,-1.657308e+00,-9.970743e-01,-1.314765e+00,1.393665e+00,7.768312e-01,-1.918970e-02,-1.243056e-02,3.414859e-03,0
1.188289e-03,-1.479490e+01,8.503622e+00,2.694998e+00,-9.690398e+00,2.901023e+00,-8.613097e+00,-2.260971e+00,-8.224782e+00,-5.355864e+00,8.271558e-01,-2.968245e+00,1.257144e-01,6.347222e-02,2.215435e-01,0,-1.381280e-04,2.826280e+00,1.109126e+00,6.725112e-01,9.945230e-02,-1.215884e-01,-1.657868e+00,-3.284082e+00,-1.882934e+00,-1.156136e+00,1.074690e+00,1.245405e+00,-4.525357e-01,-1.672222e-02,1.200252e-02,0
9.790388e-04,-1.120924e+01,9.594792e+00,3.631904e+00,-8.457911e+00,1.400249e+00,-1.087057e+01,-6.141013e+00,-9.208164e+00,-6.491078e+00,3.702412e-01,-2.132389e+00,-4.272273e-01,4.152778e-02,2.255052e-01,0,-8.443394e-05,3.134138e+00,7.185268e-01,-3.945303e-01,-2.976677e-01,-1.001884e+00,-2.498536e+00,-3.308758e+00,-1.751173e+00,-2.560255e-01,9.239635e-01,1.758388e+00,-5.984250e-02,-1.727778e-02,2.026375e-02,0
9.857129e-04,-7.095096e+00,1.072174e+01,1.005342e+00,-1.107240e+01,-9.770641e-01,-1.541398e+01,-1.082349e+01,-1.241509e+01,-4.216997e+00,2.351188e+00,4.162865e-01,-4.001974e-01,2.263889e-02,2.585901e-01,0,-3.916590e-05,2.657949e+00,-1.593933e-02,-1.193021e+00,-7.650341e-01,-8.401024e-01,-1.712290e+00,-1.749549e+00,-8.456060e-01,-1.954841e-01,9.612609e-01,2.064180e+00,2.185293e-02,-1.318056e-02,1.788035e-02,0
1.018406e-03,-5.439348e+00,9.001664e+00,-6.249068e-01,-1.108250e+01,-7.134933e-01,-1.570422e+01,-1.046584e+01,-1.216441e+01,-5.081985e+00,3.759247e+00,2.907130e+00,4.577483e-01,1.361111e-02,2.831832e-01,0,-2.345675e-05,1.741751e+00,-2.201598e-01,-8.974986e-01,-6.558475e-01,-5.266591e-01,-3.558078e-01,2.463869e-01,-5.272866e-04,-1.065687e+00,7.851321e-01,1.796197e+00,1.023569e-01,-7.194445e-03,1.062178e-02,0
9.727761e-04,-4.390101e+00,8.720490e+00,-1.141699e+00,-1.220327e+01,-2.426182e-01,-1.475772e+01,-8.846302e+00,-1.097469e+01,-7.037831e+00,3.938957e+00,4.832894e+00,-2.075088e-01,1.152778e-02,2.821062e-01,0,-7.746751e-05,8.237987e-01,-1.159978e-01,2.292582e-02,3.074722e-02,-4.036576e-01,1.303815e+00,1.726921e+00,5.861058e-01,-1.636758e+00,1.185302e-01,4.406855e-01,-4.190388e-01,-2.694444e-03,-3.943258e-03,0
8.682234e-04,-3.852987e+00,9.494617e+00,2.179318e-01,-1.117171e+01,-1.600270e+00,-1.297774e+01,-5.897674e+00,-9.931004e+00,-1.040910e+01,3.502017e+00,4.640290e+00,-1.178682e-02,1.111111e-02,2.668560e-01,0,-1.223527e-04,2.711797e-01,2.113908e-01,4.986658e-01,6.991919e-01,-5.092377e-01,1.802247e+00,2.100544e+00,8.068895e-02,-1.108910e+00,-3.694645e-01,-1.279341e+00,-1.278413e+00,-8.333333e-04,2.101102e-03,0
6.734669e-04,-3.769283e+00,9.895272e+00,6.985515e-01,-1.087406e+01,-2.551964e+00,-1.025814e+01,-4.472975e+00,-1.060127e+01,-9.737230e+00,3.072454e+00,1.753133e+00,-2.260624e+00,1.041667e-02,2.470374e-01,0,-1.344442e-04,-8.156526e-02,6.016970e-02,3.538336e-01,9.943030e-01,-1.940333e-01,1.595792e+00,1.165716e+00,-8.244348e-01,8.936939e-02,-2.662813e-01,-2.243049e+00,-1.993428e+00,-5.277777e-04,1.333087e-02,0
5.562978e-04,-4.393858e+00,9.471227e+00,9.482967e-01,-8.251148e+00,-2.105009e+00,-8.942776e+00,-2.149788e+00,-1.194768e+01,-9.276834e+00,2.345176e+00,-1.949696e+00,-4.907759e+00,1.000000e-02,3.112231e-01,0,-1.097630e-04,-1.696420e-01,-1.903756e-01,-1.757319e-01,5.425752e-01,2.490097e-01,6.592392e-01,-2.129477e-01,-1.219660e+00,1.400216e+00,7.222672e-01,-1.300338e+00,-1.840200e+00,-6.249998e-04,2.577620e-02,0
4.565178e-04,-4.527492e+00,9.033033e+00,2.622862e-01,-8.692041e+00,-9.604151e-01,-8.796246e+00,-4.891663e+00,-1.408852e+01,-7.157115e+00,3.185971e+00,-3.087357e+00,-7.726662e+00,9.444444e-03,3.265770e-01,0,-7.063364e-05,-1.076439e-01,-2.759783e-01,-4.052438e-01,-1.247835e-02,2.918967e-01,-7.996160e-01,-1.221303e+00,-9.204766e-01,2.070105e+00,1.810167e+00,3.817132e-01,-1.128340e+00,-5.138887e-04,1.505241e-02,0
4.278830e-04,-4.322093e+00,8.973859e+00,-4.425950e-01,-9.549844e+00,-1.150996e+00,-1.041249e+01,-6.753068e+00,-1.428568e+01,-4.698074e+00,7.056594e+00,5.588477e-01,-6.479767e+00,8.472223e-03,3.559672e-01,0,-4.345736e-05,-1.877392e-01,-3.267990e-01,-1.137159e-02,-1.795099e-01,1.101778e-01,-1.903867e+00,-1.254513e+00,6.055050e-02,2.687370e+00,2.845577e+00,1.754168e+00,-5.430799e-01,-1.666665e-04,-1.101293e-02,0
3.845061e-04,-4.343386e+00,8.764065e+00,-6.322216e-01,-1.028710e+01,-1.569487e+00,-1.352137e+01,-8.277849e+00,-1.403465e+01,-1.676084e+00,9.767581e+00,2.407428e+00,-7.116319e+00,8.611112e-03,2.999274e-01,0,-2.828019e-05,-3.475609e-01,-3.103012e-01,5.312312e-01,6.403457e-01,-1.619386e-01,-2.080672e+00,6.119027e-02,1.092429e+00,1.446291e+00,2.565013e+00,9.591066e-01,-6.136287e-01,4.722223e-04,-2.922767e-02,0
3.750168e-04,-5.424607e+00,7.971716e+00,1.338693e+00,-8.351168e+00,-1.249585e+00,-1.609955e+01,-6.729261e+00,-1.167186e+01,1.419498e+00,1.328225e+01,4.073750e+00,-7.928329e+00,9.583334e-03,2.694833e-01,0,-1.978119e-05,-3.855382e-01,-2.564206e-01,9.656830e-01,1.282095e+00,-1.808287e-01,-1.011535e+00,4.362201e-01,7.698598e-01,-7.488546e-01,2.092640e+00,-5.720617e-01,-5.799299e-01,1.708333e-03,-3.202615e-02,0
3.415500e-04,-5.714039e+00,7.982599e+00,2.027798e+00,-6.089651e+00,-1.720814e+00,-1.635608e+01,-4.597615e+00,-9.933285e+00,-2.984448e+00,1.289821e+01,-4.927564e-02,-1.007052e+01,1.125000e-02,2.236806e-01,0,2.566924e-05,-2.096181e-01,-3.294885e-01,6.142123e-01,9.105529e-01,6.099890e-01,7.687586e-01,3.568122e-01,3.302930e-01,-3.152346e+00,1.515497e+00,-2.164160e+00,4.982603e-01,3.111111e-03,-6.332059e-03,0
3.504551e-04,-5.564457e+00,8.082489e+00,3.055810e+00,-5.238096e+00,-1.979476e+00,-1.405281e+01,-6.412085e+00,-1.248706e+01,-7.788166e+00,1.595448e+01,-1.073109e+00,-7.902315e+00,1.569444e-02,2.339599e-01,0,5.250411e-05,-1.867619e-02,-4.739268e-01,1.734806e-02,-4.728103e-02,1.511170e+00,1.980222e+00,-5.149123e-01,-5.259292e-01,-3.909489e+00,4.019426e-01,-3.007562e+00,1.648912e+00,3.958333e-03,3.046196e-02,0
5.251332e-04,-5.321551e+00,7.061236e+00,1.580281e+00,-7.290873e+00,1.845404e+00,-1.070094e+01,-6.652376e+00,-1.197559e+01,-1.283398e+01,1.600895e+01,-5.839943e+00,-4.638025e+00,2.111111e-02,2.860288e-01,0,6.049874e-05,1.847421e-01,-6.877853e-01,-3.386629e-01,-6.537969e-01,1.810284e+00,2.195063e+00,-8.133467e-01,-2.522116e-02,-2.551936e+00,-6.179617e-01,-2.578058e+00,2.361072e+00,2.541666e-03,5.170200e-02,0
5.457458e-04,-5.714231e+00,6.062763e+00,1.649191e+00,-7.986962e+00,4.523158e+00,-9.026006e+00,-8.276443e+00,-1.328035e+01,-1.320318e+01,1.373660e+01,-8.068727e+00,-2.400017e+00,2.444444e-02,3.906190e-01,0,8.972997e-06,6.538484e-01,-4.220720e-01,-4.561357e-01,-4.144437e-01,3.915144e-01,1.349509e+00,-3.102695e-01,7.667147e-01,-8.087595e-01,-2.021225e+00,-1.866208e+00,1.816298e+00,-7.638891e-04,4.388877e-02,0
5.463983e-04,-4.715441e+00,5.553535e+00,1.037793e+00,-7.984203e+00,4.079291e+00,-7.894166e+00,-7.732170e+00,-9.662744e+00,-1.303662e+01,1.091734e+01,-9.441757e+00,-1.016314e+00,1.958333e-02,4.038610e-01,0,-3.978583e-05,1.401656e+00,2.085689e-01,-5.227692e-01,-7.384634e-03,-1.405921e+00,4.587300e-01,3.174592e-01,1.325969e+00,5.322606e-01,-1.976193e+00,-2.814196e-01,1.329319e+00,-3.763889e-03,7.836351e-03,0
3.846875e-04,-2.598270e+00,6.725979e+00,1.046375e+00,-6.963650e+00,-1.138848e+00,-8.708652e+00,-7.423536e+00,-9.809910e+00,-1.173064e+01,8.394159e+00,-8.603240e+00,-6.316785e-01,1.263889e-02,3.944876e-01,0,-3.683223e-05,1.976900e+00,6.050934e-01,-1.014947e+00,-4.194697e-01,-2.008027e+00,1.406980e-01,1.400559e+00,1.307334e+00,7.624534e-01,-9.001815e-01,6.586865e-01,6.936799e-01,-4.388888e-03,-2.280286e-02,0
4.067331e-04,1.287456e-01,7.772472e+00,-7.321567e-01,-7.839452e+00,-2.353197e+00,-8.565969e+00,-5.491534e+00,-7.080967e+00,-1.090895e+01,8.799205e+00,-6.979784e+00,1.124402e+00,8.194444e-03,3.232763e-01,0,-1.580781e-05,1.932076e+00,5.569078e-01,-1.508508e+00,-1.105932e+00,-1.006827e+00,2.909655e-01,1.985849e+00,5.825557e-01,8.616368e-01,2.220126e-01,1.738039e+00,2.833112e-01,-2.666666e-03,-2.546320e-02,0
4.314173e-04,1.748177e+00,7.978762e+00,-2.540568e+00,-1.015669e+01,-2.300732e+00,-7.986615e+00,-2.393965e+00,-8.034572e+00,-1.045475e+01,1.029476e+01,-6.006281e+00,-1.974742e-03,8.194444e-03,3.168971e-01,0,1.475450e-05,1.340722e+00,7.650199e-02,-1.581480e+00,-1.709975e+00,2.287566e-01,4.846165e-01,2.075601e+00,4.146137e-02,6.182814e-01,6.849030e-01,1.945489e+00,-4.868091e-01,-8.333335e-04,-1.805657e-02,0
4.439944e-04,2.771715e+00,7.711683e+00,-4.711273e+00,-1.191734e+01,-3.739003e-01,-6.800358e+00,-3.177096e-01,-7.637634e+00,-9.366382e+00,1.107711e+01,-2.050043e+00,8.538989e-02,8.472222e-03,3.153403e-01,0,1.911752e-06,5.747293e-01,-3.835536e-01,-8.697456e-01,-1.082829e+00,5.573714e-01,3.500671e-01,1.124375e+00,-7.998287e-01,-2.100709e-01,3.554190e-01,2.059709e+00,-7.997429e-01,4.166672e-05,-1.949483e-03,0
4.398294e-04,2.783855e+00,7.138884e+00,-4.871465e+00,-1.347458e+01,-9.847131e-01,-7.168375e+00,3.675579e-01,-9.324269e+00,-9.410520e+00,1.067972e+01,-1.340667e+00,-2.546218e+00,8.333333e-03,3.081727e-01,0,-1.512945e-05,3.647528e-02,-6.850039e-01,3.064477e-02,4.529553e-02,2.939615e-01,1.819063e-01,2.191149e-01,-1.172621e+00,-1.437978e+00,-8.315946e-01,1.201148e+00,-2.976540e-01,1.527780e-04,8.366248e-03,0
4.120858e-04,2.484553e+00,6.274643e+00,-3.915436e+00,-1.159465e+01,-2.243493e-01,-7.224752e+00,-1.250419e+00,-1.043526e+01,-1.248142e+01,1.038382e+01,9.859543e-01,-1.602191e+00,8.333333e-03,3.178910e-01,0,-2.418836e-05,-2.029636e-01,-9.016081e-01,8.165911e-01,9.559978e-01,2.797847e-01,2.578128e-01,-3.197442e-01,-1.118007e+00,-2.266420e+00,-1.753614e+00,7.304549e-03,1.658184e-01,1.805558e-04,2.674276e-02,0
3.717243e-04,2.074135e+00,5.272262e+00,-2.785263e+00,-1.009155e+01,-9.057001e-01,-6.864886e+00,-8.320352e-01,-1.249886e+01,-1.608712e+01,6.483429e+00,-1.518539e+00,-6.464540e-01,9.027778e-03,3.574530e-01,0,-1.715603e-05,-1.280886e-01,-6.683757e-01,8.400224e-01,8.243184e-01,4.596912e-01,1.577214e-01,-1.202096e-01,2.142931e-01,-1.619434e+00,-2.541645e+00,-8.005665e-01,5.081629e-01,9.722253e-05,4.156655e-02,0
3.571052e-04,2.111757e+00,4.136953e+00,-1.671419e+00,-8.828865e+00,9.855170e-01,-5.663039e+00,-1.316634e+00,-1.164037e+01,-1.736018e+01,4.407184e+00,-1.924585e+00,-3.540023e-02,9.027778e-03,4.244140e-01,0,-4.507418e-06,6.663108e-03,-1.500960e-01,8.478829e-01,1.880032e-01,4.522477e-01,-4.367172e-01,-6.822269e-02,1.809986e+00,-1.309086e-01,-2.309653e+00,-9.074175e-01,-2.481155e-01,-1.111110e-04,3.844789e-02,0
3.815396e-04,2.329810e+00,4.865850e+00,-1.793362e+00,-1.073588e+01,7.088101e-01,-7.160625e+00,-2.003827e-01,-7.650248e+00,-1.506831e+01,9.598135e-01,-3.888230e+00,-7.887993e-01,8.472223e-03,4.627440e-01,0,2.757192e-06,1.280328e-01,3.545740e-01,6.918040e-01,-1.609831e-02,1.288498e-01,-9.744779e-01,-1.392135e-01,2.480351e+00,1.074411e+00,-1.074723e+00,-7.577425e-02,-1.270030e+00,-2.361113e-04,1.837954e-02,0
3.846411e-04,2.390031e+00,5.727369e+00,-1.719720e-01,-1.033247e+01,1.229634e+00,-9.260468e+00,-1.907359e+00,-3.809637e+00,-1.364537e+01,1.597357e+00,-2.366288e+00,-2.771596e+00,8.055556e-03,4.574850e-01,0,-7.762463e-06,6.233616e-02,4.946574e-01,5.611235e-01,5.344198e-01,-5.359398e-01,-1.017217e+00,2.324675e-02,1.603145e+00,1.452735e+00,-1.511925e-01,7.380035e-02,-2.035363e+00,1.388863e-05,8.126170e-04,0
3.717423e-04,2.575162e+00,6.249924e+00,-7.596666e-02,-9.420241e+00,-3.835093e-01,-9.938560e+00,-1.232740e+00,-4.012475e+00,-1.257248e+01,2.514726e+00,-1.676559e+00,-5.628504e+00,8.333333e-03,4.328152e-01,0,-2.658137e-05,-1.374212e-01,1.032975e-01,1.989530e-01,1.166697e+00,-6.442636e-01,-1.335922e-01,2.268488e-01,-4.091179e-02,1.118063e+00,7.331626e-01,-4.046071e-02,-1.878823e+00,4.166666e-04,-5.457821e-03,0
3.231915e-04,2.300762e+00,5.918204e+00,2.755012e-01,-6.814585e+00,-1.148022e+00,-9.360154e+00,-6.842216e-01,-5.443533e+00,-1.134442e+01,2.873765e+00,-2.661418e+00,-7.792364e+00,9.166666e-03,4.434415e-01,0,-3.880426e-05,-6.208310e-01,-1.123051e-01,-2.932055e-01,7.491139e-01,-4.212773e-01,4.268721e-01,6.080794e-01,-4.248555e-01,1.521615e+00,4.299482e-01,-3.470301e-01,-1.017265e+00,8.333332e-04,-5.475190e-03,0
2.793575e-04,1.687338e+00,5.286921e+00,-1.022333e+00,-6.661339e+00,-1.323680e+00,-7.778744e+00,3.222923e-01,-7.037858e+00,-1.062846e+01,3.987423e+00,-3.942968e+00,-7.672529e+00,1.000000e-02,4.424766e-01,0,-3.496226e-05,-1.327614e+00,-2.911190e-01,-2.700021e-01,-2.380543e-02,3.032803e-01,-6.769266e-02,3.920145e-01,1.448775e-01,2.239819e+00,-2.057638e-01,1.906294e-01,-2.458484e-01,1.666667e-03,-2.443745e-02,0
2.368122e-04,-2.702127e-01,5.647345e+00,-1.164816e+00,-7.966354e+00,-4.066671e-01,-8.206017e+00,3.555219e-01,-4.421223e+00,-7.009300e+00,3.010750e+00,-2.968233e+00,-6.835909e+00,1.138889e-02,4.252783e-01,0,-7.645880e-06,-2.033157e+00,-1.867428e-01,-4.856902e-02,-6.866412e-01,6.371722e-01,-1.142442e+00,4.028223e-01,5.852021e-01,2.685110e+00,-1.189469e+00,9.035236e-01,-5.161213e-01,3.722222e-03,-5.160517e-02,0
2.401206e-04,-2.777422e+00,4.929758e+00,-7.058186e-01,-8.963384e+00,7.622147e-01,-1.085409e+01,2.074605e-01,-3.799243e+00,-3.540941e+00,1.417415e+00,-5.700043e-01,-7.335973e+00,1.555556e-02,3.197095e-01,0,2.913225e-05,-2.377111e+00,-1.558760e-01,4.298664e-01,-3.646146e-01,8.505419e-01,-1.961358e+00,1.561916e-01,1.655016e-02,2.138957e+00,-1.994693e+00,1.234285e+00,-8.864935e-01,6.333334e-03,-7.161944e-02,0
3.045805e-04,-5.632642e+00,5.163071e+00,-1.256013e-01,-9.096768e+00,9.948914e-01,-1.353469e+01,1.387306e+00,-4.136831e+00,-1.462634e+00,-1.788576e+00,1.697175e-01,-1.054125e+01,2.500000e-02,2.467992e-01,0,6.136638e-05,-2.185857e+00,-1.806557e-01,5.972915e-01,4.292629e-01,9.332875e-01,-1.596362e+00,-7.159849e-02,-5.894606e-01,3.826680e-01,-2.037443e+00,7.618221e-01,-6.434896e-01,8.541667e-03,-6.358495e-02,0
3.911346e-04,-7.517004e+00,4.749678e+00,6.073909e-01,-7.919205e+00,2.228250e+00,-1.492120e+01,5.873582e-01,-7.097304e+00,-2.707016e+00,-3.586377e+00,6.594794e-01,-1.025233e+01,3.486111e-02,1.736190e-01,0,6.871037e-05,-1.652973e+00,3.212023e-02,5.525955e-01,1.094011e+00,9.789456e-01,-2.912183e-01,-4.423910e-01,2.366413e-01,-6.448867e-01,-1.719019e+00,-1.283281e-01,3.923101e-01,8.833333e-03,-2.910608e-02,0
4.681371e-04,-8.829705e+00,4.834107e+00,1.165036e+00,-6.342129e+00,3.526752e+00,-1.415427e+01,-1.924194e-01,-5.719496e+00,-5.512923e+00,-4.674569e+00,2.261351e-01,-8.595181e+00,4.444444e-02,1.803988e-01,0,5.054706e-05,-1.090437e+00,1.939645e-01,5.851554e-01,1.401118e+00,7.124943e-01,6.753731e-01,-6.825606e-01,1.426792e+00,-5.311047e-01,-1.019989e+00,-5.524970e-01,1.345233e+00,7.652777e-03,-1.522663e-03,0
5.018942e-04,-9.443757e+00,5.254841e+00,1.411840e+00,-4.870647e+00,4.391012e+00,-1.200039e+01,-1.214632e+00,-1.824704e+00,-4.740230e+00,-5.734684e+00,-1.239854e+00,-6.347456e+00,5.000000e-02,2.073793e-01,0,2.404950e-05,-8.467005e-01,4.753187e-01,4.460851e-01,1.044399e+00,-3.611634e-02,1.095770e+00,-4.473794e-01,2.071305e+00,9.344703e-01,-4.867902e-01,-9.177681e-01,1.167383e+00,6.208333e-03,1.586023e-02,0
5.019360e-04,-1.012145e+01,5.880312e+00,2.397951e+00,-3.615458e+00,3.475982e+00,-1.161823e+01,-1.124502e+00,3.608290e-01,-3.101550e+00,-5.814367e+00,-1.643101e+00,-5.767517e+00,5.569445e-02,2.223057e-01,0,-5.535548e-09,-7.908342e-01,4.368219e-01,5.006803e-01,6.027149e-01,-4.950807e-01,8.199024e-01,-3.359001e-01,9.552746e-01,1.978051e+00,2.409647e-01,-6.691419e-01,8.230947e-01,6.861112e-03,3.158045e-03,0
4.944826e-04,-1.110463e+01,6.603168e+00,2.221359e+00,-4.060546e+00,2.073054e+00,-1.071037e+01,-1.183498e+00,2.190578e-01,7.596493e-01,-5.450429e+00,-2.994743e+00,-5.829243e+00,6.027777e-02,2.319667e-01,0,-1.234801e-05,-9.686440e-01,-5.288720e-02,2.379225e-01,6.013536e-01,-2.745602e-01,5.147011e-01,-1.091885e-01,-1.489501e-01,1.667018e+00,6.013499e-01,-4.141179e-01,4.030124e-01,9.902776e-03,-8.718938e-03,0
4.718152e-04,-1.195344e+01,6.344053e+00,3.263678e+00,-3.733605e+00,2.210328e+00,-1.069977e+01,-1.887487e+00,-1.965004e+00,1.627391e+00,-3.611872e+00,-2.242129e+00,-4.738814e+00,7.361111e-02,1.838953e-01,0,-1.821993e-05,-1.008641e+00,-5.220467e-01,-5.321491e-02,1.168608e+00,7.024156e-01,2.896885e-01,-2.569294e-01,-9.595369e-01,7.233929e-01,7.369409e-01,1.933799e-01,6.393524e-01,1.352778e-02,-1.567708e-02,0
4.552146e-04,-1.337098e+01,4.758535e+00,2.168589e+00,-1.804806e+00,3.651038e+00,-9.886117e+00,-1.379082e+00,-1.406538e+00,1.230391e+00,-3.829181e+00,-3.010929e+00,-4.846746e+00,9.055555e-02,1.829898e-01,0,-2.294025e-05,-1.002829e+00,-8.919692e-01,-7.713298e-02,1.947709e+00,1.329395e+00,-7.743263e-02,-4.211323e-01,-1.124627e+00,-4.060263e-01,5.715157e-01,7.690371e-01,5.819044e-01,1.384722e-02,-1.366210e-02,0
4.304704e-04,-1.403148e+01,4.192395e+00,2.158262e+00,1.099711e+00,6.199068e+00,-1.058191e+01,-2.311357e+00,-3.624058e+00,2.800434e-01,-2.940287e+00,-6.681085e-01,-3.062003e+00,1.081944e-01,1.684088e-01,0,-2.524008e-05,-8.299697e-01,-6.092369e-01,2.567862e-01,1.999441e+00,1.117155e+00,-7.260376e-01,-6.383322e-01,-1.072870e+00,-2.515983e-01,3.721116e-01,5.726123e-01,4.407447e-01,9.444444e-03,-4.704901e-03,0
4.004538e-04,-1.507976e+01,3.219151e+00,2.388402e+00,3.261339e+00,6.725659e+00,-1.115646e+01,-3.077224e+00,-4.574551e+00,-5.968082e-01,-2.928643e+00,6.343225e-02,-3.758126e+00,1.122222e-01,1.713995e-01,0,-2.909387e-05,-5.427169e-01,-3.199002e-01,7.365864e-01,1.257376e+00,-8.582000e-02,-1.637241e+00,-5.225711e-01,-7.340558e-01,1.518730e-01,9.739701e-02,1.472584e-01,2.005868e-01,3.013890e-03,-6.083715e-03,0
3.729952e-04,-1.524890e+01,4.067560e+00,4.437703e+00,3.730527e+00,6.258794e+00,-1.369479e+01,-4.230077e+00,-5.745348e+00,1.282999e+00,-2.201583e+00,-9.162486e-01,-3.079400e+00,1.100000e-01,1.661660e-01,0,-2.823366e-05,-3.202337e-01,-2.235655e-01,6.936587e-01,2.164109e-02,-1.391761e+00,-2.303906e+00,-4.593166e-01,3.031904e-01,3.296016e-01,-3.716322e-01,-6.112159e-01,-2.788102e-01,-2.055554e-03,-6.292649e-03,0
3.384828e-04,-1.547586e+01,3.221452e+00,4.711800e+00,3.166667e+00,3.192075e+00,-1.651588e+01,-3.032577e+00,-4.016172e+00,1.488279e+00,-3.711548e+00,-2.150567e+00,-3.835114e+00,1.047222e-01,1.536926e-01,0,-2.547625e-05,-1.173033e-01,-1.378135e-01,5.848729e-01,-7.725128e-01,-1.956493e+00,-2.193288e+00,-6.444616e-01,1.176572e+00,1.864960e-02,-5.941828e-01,-3.332890e-01,-2.973825e-01,-4.499999e-03,-5.237666e-03,0
3.202876e-04,-1.543460e+01,3.073418e+00,4.464856e+00,1.255253e+00,1.007056e+00,-1.942173e+01,-4.630263e+00,-2.387295e+00,8.855078e-01,-4.406995e+00,-2.617188e+00,-4.417561e+00,1.016667e-01,1.457990e-01,0,-2.020436e-05,-2.509053e-01,-3.906409e-01,9.509384e-01,-1.073447e+00,-1.959489e+00,-1.209608e+00,-1.087412e+00,2.005280e+00,-2.860763e-01,-6.264406e-01,2.994487e-01,-2.716518e-03,-6.499998e-03,3.243267e-04,0
2.994264e-04,-1.557342e+01,3.027155e+00,5.299190e+00,6.364123e-01,-4.309364e-01,-1.925943e+01,-6.099439e+00,-3.707184e-01,-3.048146e-01,-4.796852e+00,-7.525427e-01,-4.575959e+00,9.388889e-02,1.553947e-01,0,1.086034e-05,-7.104726e-01,-7.215549e-01,2.025480e+00,-9.589044e-01,-1.565422e+00,-3.944401e-01,-1.418978e+00,2.639568e+00,4.956646e-01,-3.740824e-01,9.153948e-01,1.222020e+00,-8.541666e-03,1.369209e-02,0
2.915017e-04,-1.645464e+01,2.211504e+00,8.898700e+00,-3.715817e-01,-1.727144e+00,-1.837105e+01,-8.133706e+00,2.458327e+00,7.491640e-01,-4.791134e+00,-1.180170e-01,-2.722560e+00,8.291667e-02,1.669366e-01,0,5.120366e-05,-1.505566e+00,-1.415976e+00,2.905939e+00,-5.824845e-01,-1.511472e+00,1.670498e-01,-1.079984e+00,2.644638e+00,1.267760e+00,-7.579998e-01,6.469880e-01,2.240089e+00,-9.277778e-03,2.096754e-02,0
4.071775e-04,-1.851820e+01,4.463434e-02,1.262228e+01,-8.144378e-01,-3.267935e+00,-1.901342e+01,-8.375745e+00,6.758859e+00,4.034773e+00,-5.389891e+00,1.176821e+00,1.427487e+00,7.138889e-02,2.115843e-01,0,1.042079e-04,-2.295955e+00,-1.678337e+00,2.910544e+00,-4.363298e-01,-1.439310e+00,2.222111e-01,-3.832096e-01,1.639905e+00,1.013285e+00,-1.415508e+00,-2.145400e-01,2.086503e+00,-6.916667e-03,1.939782e-02,0
5.224303e-04,-2.149004e+01,-2.515200e+00,1.533301e+01,-9.317448e-01,-5.131804e+00,-1.870949e+01,-8.892030e+00,7.271104e+00,5.054513e+00,-7.900475e+00,-3.469305e-01,3.781161e+00,6.652778e-02,2.225419e-01,0,1.416967e-04,-2.697419e+00,-1.096276e+00,2.353937e+00,9.649533e-03,-1.440202e+00,6.447933e-01,4.233664e-01,-2.982110e-01,-1.599153e-01,-1.675318e+00,-3.775210e-01,1.027351e+00,-2.777780e-03,1.494634e-02,0
7.050014e-04,-2.453550e+01,-3.001179e+00,1.663476e+01,-1.265155e+00,-5.925157e+00,-1.797916e+01,-7.636325e+00,5.422419e+00,2.608938e+00,-1.031972e+01,-1.710786e+00,2.604695e+00,6.750000e-02,2.245811e-01,0,1.307342e-04,-2.397832e+00,-1.326735e-01,1.594148e+00,6.947356e-01,-1.315024e+00,1.505790e+00,1.151511e+00,-1.688103e+00,-1.238717e+00,-9.293905e-01,2.348928e-01,1.852066e-01,5.555548e-04,1.032133e-02,0
8.510731e-04,-2.693308e+01,-1.746969e+00,1.866215e+01,-9.797522e-02,-7.599541e+00,-1.566422e+01,-6.386584e+00,1.635492e+00,6.625050e-01,-1.070281e+01,-5.618181e-01,1.825590e+00,7.097222e-02,2.351698e-01,0,8.180794e-05,-1.518481e+00,4.977359e-01,9.392454e-01,1.401358e+00,-1.377772e+00,2.046811e+00,1.628227e+00,-1.201037e+00,-1.122420e+00,6.761329e-01,1.310755e+00,-1.658254e-01,1.416668e-03,1.895861e-02,0
8.965272e-04,-2.778584e+01,-1.002849e+00,1.892845e+01,2.242355e+00,-8.609185e+00,-1.300711e+01,-3.870914e+00,1.136149e+00,3.719151e-02,-8.635677e+00,2.458729e+00,3.331305e+00,7.194445e-02,2.568769e-01,0,-7.611472e-06,-4.042814e-01,3.267272e-01,2.977310e-01,2.053775e+00,-1.373008e+00,2.415289e+00,1.678791e+00,-2.299914e-01,-7.793430e-01,1.603907e+00,1.003318e+00,-2.517961e-01,1.805566e-04,1.825938e-02,0
8.357071e-04,-2.745728e+01,-1.025685e+00,1.888239e+01,4.321289e+00,-1.067865e+01,-1.096146e+01,-2.633600e+00,3.409054e+00,7.282848e-01,-5.361834e+00,4.122085e+00,2.588728e+00,7.138889e-02,3.011870e-01,0,-7.499140e-05,5.060288e-01,-1.928608e-02,-1.785164e-01,1.731443e+00,-1.460128e+00,1.988414e+00,1.535367e+00,9.001753e-01,-4.571798e-01,1.595641e+00,-4.734109e-01,-6.245965e-01,-1.152778e-03,7.523400e-03,0
6.746270e-04,-2.629481e+01,-1.728184e+00,1.801329e+01,6.794087e+00,-1.125064e+01,-8.254092e+00,-1.118863e+00,3.385680e+00,-1.320667e+00,-4.970674e+00,9.638515e-01,9.641455e-01,6.819444e-02,2.828695e-01,0,-1.045507e-04,1.269250e+00,2.021092e-01,3.271599e-02,1.171315e+00,-1.658881e+00,1.513237e+00,4.954081e-01,3.582632e-01,-5.608622e-01,5.565566e-01,-1.845576e+00,-8.369923e-01,-2.791669e-03,-9.632746e-03,0
5.870662e-04,-2.514845e+01,-1.480731e+00,1.822714e+01,6.283372e+00,-1.357945e+01,-8.098657e+00,-8.577335e-02,5.011603e+00,-9.444646e-01,-4.557105e+00,-2.181434e+00,-1.138123e-01,6.708333e-02,2.597906e-01,0,-8.989198e-05,2.431290e+00,9.780726e-01,3.209814e-01,2.413200e-01,-2.322411e+00,4.479695e-01,-1.315164e+00,-7.409860e-01,-6.953312e-01,-2.478714e-01,-1.808610e+00,-3.279350e-01,-5.361113e-03,-1.708459e-02,0
4.980940e-04,-2.259400e+01,2.352200e-01,1.941965e+01,7.117888e+00,-1.545319e+01,-6.872321e+00,-2.667786e+00,2.126190e+00,-1.930745e+00,-6.255259e+00,-3.617390e+00,4.976142e-01,6.013888e-02,2.294114e-01,0,-4.956290e-05,3.693504e+00,1.580401e+00,5.659508e-01,-4.298654e-01,-3.043189e+00,-1.092297e+00,-3.707487e+00,-1.734012e+00,-1.138843e+00,-7.529888e-01,-6.449256e-01,2.579667e-01,-9.208332e-03,-7.095804e-03,0
4.745137e-04,-1.715124e+01,2.882975e+00,1.978411e+01,5.365988e+00,-2.018943e+01,-9.412494e+00,-8.434958e+00,3.338685e-01,-2.443332e+00,-5.958898e+00,-2.630343e+00,1.182319e+00,4.861111e-02,2.424931e-01,0,-2.065205e-05,4.515147e+00,1.393334e+00,7.937641e-02,-3.499497e-01,-2.890872e+00,-2.755599e+00,-4.936055e+00,-2.398889e+00,-1.498563e+00,-8.046166e-01,1.494087e-01,9.898612e-01,-1.259722e-02,6.941830e-03,0
4.830887e-04,-1.182590e+01,3.991965e+00,2.006456e+01,5.103452e+00,-2.316160e+01,-1.305866e+01,-1.548170e+01,-2.945512e+00,-6.265446e+00,-8.034721e+00,-2.036322e+00,1.605913e+00,3.138889e-02,2.560392e-01,0,-1.237850e-05,4.014283e+00,4.098050e-01,-5.487903e-01,-9.049511e-02,-1.627520e+00,-3.799449e+00,-3.907365e+00,-1.627158e+00,-8.348244e-01,-1.546291e-01,4.205124e-02,1.143650e+00,-1.262500e-02,1.252866e-02,0
4.913086e-04,-7.956769e+00,3.607567e+00,1.830157e+01,5.540842e+00,-2.417961e+01,-1.878348e+01,-1.835909e+01,-4.446990e+00,-6.269930e+00,-7.690456e+00,-2.224924e+00,4.281344e+00,1.847222e-02,2.811858e-01,0,-3.231985e-05,2.450348e+00,-4.398690e-01,-8.778940e-01,9.218823e-01,4.196033e-01,-3.021995e+00,-1.402548e+00,-6.682644e-01,1.466221e-01,-1.402106e-02,-6.800075e-01,6.742222e-01,-9.319444e-03,1.164442e-02,0
4.278040e-04,-7.119817e+00,1.921949e+00,1.741697e+01,6.577986e+00,-2.159570e+01,-2.118407e+01,-1.724254e+01,-3.619168e+00,-4.191567e+00,-6.162626e+00,-3.609843e+00,4.666354e+00,1.208333e-02,2.727084e-01,0,-5.293449e-05,8.620839e-01,-6.258100e-01,-5.238390e-01,1.323731e+00,1.565285e+00,-1.235973e+00,1.084341e-01,9.855971e-02,8.242010e-01,-5.055876e-01,-1.253606e+00,-8.404021e-02,-4.486111e-03,1.343432e-02,0
3.405568e-04,-7.252538e+00,1.718638e+00,1.671844e+01,9.238132e+00,-1.887436e+01,-2.045976e+01,-1.456728e+01,-2.670626e+00,-2.747161e+00,-6.965051e+00,-5.243620e+00,3.023210e+00,1.166667e-02,2.923806e-01,0,-6.004787e-05,-1.117591e-01,-3.114532e-01,1.132084e-01,1.368957e+00,1.320320e+00,5.363773e-01,3.520880e-01,6.665091e-02,4.249349e-01,-1.567476e+00,-1.186838e+00,-2.569771e-01,-1.138889e-03,1.697675e-02,0
2.937921e-04,-7.867592e+00,1.807380e+00,1.823693e+01,9.873461e+00,-1.798780e+01,-1.840038e+01,-1.683544e+01,-3.340895e+00,-3.905826e+00,-1.092536e+01,-6.795004e+00,1.814779e+00,1.236111e-02,3.176134e-01,0,-4.840091e-05,-3.099911e-01,7.634386e-02,2.720451e-01,6.080865e-01,2.391655e-01,8.613947e-01,-4.079586e-01,-5.426558e-01,1.406965e-01,-1.623479e+00,-5.633313e-01,3.195520e-01,9.722207e-05,2.210740e-02,0
2.580752e-04,-8.141677e+00,2.107586e+00,1.845763e+01,1.073789e+01,-1.938196e+01,-1.749344e+01,-1.680220e+01,-4.252872e+00,-4.288127e+00,-1.314647e+01,-6.566534e+00,4.422246e+00,1.263889e-02,3.436171e-01,0,-3.832144e-05,-1.556412e-01,5.565059e-02,-2.104605e-01,-4.136516e-01,-7.030255e-01,4.591421e-01,-3.708500e-01,-7.842477e-01,5.450664e-01,1.816938e-01,1.409936e-01,6.095167e-01,-1.666668e-04,1.073474e-02,0
2.270403e-04,-8.225204e+00,2.109195e+00,1.790760e+01,8.868541e+00,-2.014607e+01,-1.836026e+01,-1.816488e+01,-5.541323e+00,-2.717602e+00,-1.118932e+01,-5.765043e+00,5.564596e+00,1.208333e-02,3.576271e-01,0,-3.483658e-05,-2.049112e-02,1.638453e-02,-8.091952e-01,-1.120227e+00,-5.573502e-01,-2.245241e-01,-1.705217e-02,-7.055877e-01,1.244868e+00,1.793295e+00,4.534862e-01,-5.167114e-01,-2.500000e-04,-5.399487e-03,0
1.823255e-04,-7.851938e+00,1.845984e+00,1.583080e+01,7.672334e+00,-2.131035e+01,-1.818411e+01,-1.575681e+01,-5.491650e+00,-6.159413e-01,-5.924605e+00,-5.053632e+00,4.195885e+00,1.097222e-02,3.260474e-01,0,-2.102685e-05,-2.621067e-01,-3.494077e-02,-9.527434e-01,-1.358469e+00,8.067440e-01,-1.088938e+00,-2.491762e-01,-1.050395e-01,1.639586e+00,2.066629e+00,4.718743e-01,-2.253767e+00,5.694444e-04,-2.658368e-02,0
1.574840e-04,-8.114917e+00,2.020103e+00,1.550437e+01,5.805101e+00,-1.981035e+01,-1.917767e+01,-1.744339e+01,-6.249445e+00,4.824226e-01,-5.569817e+00,-5.284024e+00,-6.555975e-01,1.194444e-02,2.994008e-01,0,-6.580184e-06,-4.126039e-01,-6.556034e-03,-3.616768e-01,-1.007572e+00,2.243785e+00,-1.599665e+00,-1.449101e-01,7.843553e-01,1.308635e+00,1.085144e+00,5.574597e-01,-2.539369e+00,1.958333e-03,-4.087444e-02,0
1.877191e-04,-9.507354e+00,1.977427e+00,1.489553e+01,5.477264e+00,-1.551610e+01,-2.252943e+01,-1.840882e+01,-4.424008e+00,2.309790e+00,-5.623070e+00,-4.447672e+00,-3.736494e+00,1.555556e-02,2.398118e-01,0,1.697525e-05,-1.153701e-01,8.749966e-02,4.158095e-01,-4.864303e-01,2.664098e+00,-1.991293e+00,3.938236e-02,1.538028e+00,5.181055e-01,-5.377192e-02,1.009512e+00,-1.465091e+00,2.541667e-03,-4.048225e-02,0
1.914426e-04,-9.460515e+00,2.010693e+00,1.656685e+01,4.928216e+00,-1.182428e+01,-2.418593e+01,-1.756342e+01,-2.153367e+00,2.362705e+00,-5.914361e+00,-3.280724e+00,-3.166059e+00,1.958333e-02,1.963727e-01,0,2.680861e-05,7.706304e-01,7.001102e-02,1.076429e+00,-1.024090e-01,1.180840e+00,-1.607856e+00,9.249791e-01,1.823162e+00,-1.021411e+00,1.570695e-01,1.348793e+00,3.582174e-01,1.569445e-03,-2.366489e-02,0
2.502224e-04,-7.755990e+00,2.288187e+00,1.737861e+01,5.678625e+00,-1.198290e+01,-2.563644e+01,-1.549988e+01,1.504511e-01,1.034445e+00,-6.021192e+00,-1.007723e+00,-1.874336e+00,1.986111e-02,1.751502e-01,0,2.623173e-05,1.388127e+00,-6.640138e-02,1.506698e+00,1.682854e-01,-7.654432e-01,-1.194317e+00,1.229404e+00,1.355911e+00,-2.272137e+00,6.843024e-01,1.523892e+00,1.270217e+00,-2.777781e-05,2.304120e-03,0
2.602754e-04,-5.137447e+00,2.214779e+00,1.964498e+01,5.192376e+00,-1.567275e+01,-2.566344e+01,-1.427297e+01,5.791357e-01,-3.986958e+00,-4.585408e+00,-2.600343e-01,2.044104e-01,1.763889e-02,2.134072e-01,0,9.890084e-06,1.053187e+00,-1.764822e-01,1.441630e+00,5.719749e-01,-1.422767e+00,-6.658303e-01,1.083998e+00,8.385239e-01,-2.695103e+00,1.218953e+00,8.376178e-01,9.326903e-01,-9.305555e-04,2.357037e-02,0
2.844613e-04,-4.728252e+00,1.543378e+00,2.088995e+01,6.186611e+00,-1.741908e+01,-2.776226e+01,-1.390703e+01,9.892936e-01,-5.876062e+00,-2.866035e+00,1.661445e+00,9.293542e-01,1.638889e-02,2.428152e-01,0,-1.889411e-05,9.804282e-02,-2.750975e-01,1.183692e+00,4.959172e-01,-1.080457e+00,1.970615e-02,8.526180e-01,-1.241815e-02,-2.274769e+00,1.499092e+00,-1.637571e-02,3.741359e-01,-9.583335e-04,2.924666e-02,0
2.237736e-04,-5.708447e+00,1.500687e+00,2.201933e+01,7.534098e+00,-1.622002e+01,-2.645217e+01,-1.293986e+01,1.619831e+00,-7.657558e+00,-1.397174e+00,-4.272194e-01,9.554696e-02,1.666667e-02,2.803921e-01,0,-3.487306e-05,-5.663729e-01,-1.231004e-01,3.660955e-01,1.299341e-01,-6.575559e-01,7.058323e-01,6.512485e-01,-4.213892e-01,-1.584081e+00,9.070023e-01,-7.847434e-01,-2.325236e-01,-1.027778e-03,2.823216e-02,0
1.740028e-04,-6.980276e+00,1.269746e+00,2.210990e+01,6.987350e+00,-1.711155e+01,-2.514355e+01,-1.190335e+01,-4.319873e-01,-8.504101e+00,-1.198479e-01,-1.006009e+00,5.077533e-02,1.555556e-02,2.878911e-01,0,-3.825755e-05,-5.306016e-01,-3.277100e-02,-7.368487e-01,-1.015595e+00,-3.932156e-01,1.094667e+00,7.247927e-01,-1.033219e+00,-1.598662e+00,6.176640e-01,-9.637697e-01,-3.173237e-01,-1.180555e-03,2.117548e-02,0
1.411394e-04,-6.843299e+00,1.736092e+00,2.086549e+01,5.441677e+00,-1.911429e+01,-2.344363e+01,-1.201857e+01,-8.171700e-01,-1.059334e+01,-1.423490e+00,-2.850024e+00,-5.189181e-01,1.291667e-02,3.320300e-01,0,-2.149064e-05,-2.029914e-01,-4.140899e-02,-2.152834e+00,-2.055844e+00,3.200329e-01,6.807276e-01,5.525541e-01,-1.089896e+00,-1.254080e+00,4.185817e-01,-4.270522e-01,-2.161527e-01,-5.694443e-04,6.660131e-03,0
1.344907e-04,-6.813833e+00,1.261820e+00,1.778263e+01,2.154848e+00,-1.793802e+01,-2.379319e+01,-1.074371e+01,-2.958300e+00,-1.240148e+01,2.354437e-01,-1.946001e+00,-3.500321e-01,1.236111e-02,3.228736e-01,0,-3.417092e-06,-2.720962e-01,2.675186e-02,-2.637941e+00,-2.544125e+00,1.902615e+00,-2.386465e-01,7.321255e-01,-5.104970e-01,-4.250074e-01,1.136737e+00,-1.353013e-01,6.603086e-03,1.138889e-03,-9.827077e-03,0
1.360765e-04,-6.806625e+00,1.297605e+00,1.341879e+01,-3.288716e-01,-1.420662e+01,-2.372371e+01,-1.075691e+01,-2.566493e+00,-1.197927e+01,5.180885e-01,-2.092484e+00,-7.848127e-01,1.541667e-02,2.962014e-01,0,1.066019e-05,-7.336969e-01,2.279972e-01,-1.798970e+00,-2.255783e+00,2.920152e+00,-1.140085e+00,9.184065e-01,8.133032e-02,4.916299e-01,1.615708e+00,4.305323e-02,5.017709e-01,2.847222e-03,-2.565266e-02,0
1.594488e-04,-8.359094e+00,1.622749e+00,1.264354e+01,-2.847999e+00,-1.005231e+01,-2.619674e+01,-8.873549e+00,-2.109811e+00,-9.936174e+00,4.593050e+00,-2.061285e+00,2.167381e-01,2.000000e-02,2.566700e-01,0,1.258153e-05,-9.839419e-01,5.108249e-01,-3.059864e-02,-9.924123e-01,2.485951e+00,-1.177819e+00,1.471254e+00,1.122582e-01,1.028833e+00,9.547822e-01,-5.540994e-01,6.143309e-01,3.291667e-03,-1.494627e-02,0
1.819613e-04,-9.739154e+00,2.695614e+00,1.444018e+01,-3.335814e+00,-8.456388e+00,-2.794228e+01,-8.361614e+00,-8.347631e-01,-9.367846e+00,4.476249e+00,-2.577116e+00,1.706551e+00,2.333333e-02,2.368685e-01,0,4.588546e-06,-9.613196e-01,4.642636e-01,1.206253e+00,4.672929e-01,1.468284e+00,-9.415973e-01,1.833315e+00,-6.252483e-01,3.426589e-01,-6.070529e-01,-1.336457e+00,4.218034e-01,2.180555e-03,1.590663e-03,0
1.744559e-04,-1.026728e+01,3.116940e+00,1.711894e+01,-1.303742e+00,-8.383385e+00,-2.757300e+01,-4.585090e+00,-3.262874e+00,-8.563025e+00,3.030274e+00,-4.474182e+00,1.475940e+00,2.486111e-02,2.778087e-01,0,-1.117052e-05,-4.608208e-01,2.263891e-01,1.001293e+00,1.544887e+00,2.691840e-01,-4.973106e-01,1.599674e+00,-1.197634e+00,-2.991335e-01,-2.167270e+00,-1.842822e+00,-4.746588e-02,2.777781e-05,1.502945e-02,0
1.515156e-04,-1.065913e+01,2.871827e+00,1.721235e+01,1.235464e+00,-7.699664e+00,-2.774357e+01,-3.734563e+00,-5.116203e+00,-1.095255e+01,-1.735788e+00,-7.568321e+00,6.946033e-01,2.388889e-02,2.935854e-01,0,-1.717274e-05,2.764707e-01,3.831248e-01,3.712683e-01,1.795489e+00,-6.655287e-01,-6.314335e-01,7.649120e-01,-1.360695e+00,-3.937855e-01,-2.072563e+00,-1.703905e+00,-5.046390e-01,-2.472222e-03,2.178077e-02,0
1.188190e-04,-1.020321e+01,2.666587e+00,1.626392e+01,2.590796e+00,-9.084755e+00,-2.878265e+01,-3.188705e+00,-5.957261e+00,-1.063949e+01,-3.137283e+00,-8.779792e+00,4.853825e-01,1.986111e-02,3.034588e-01,0,-1.130333e-05,1.087348e+00,1.156705e+00,-4.321327e-01,1.133069e+00,-1.277041e+00,-6.309109e-01,-2.186415e-01,-1.246038e+00,7.429413e-01,-1.299799e+00,-8.377965e-01,-5.252342e-01,-4.319444e-03,3.344561e-02,0
1.239160e-04,-8.388835e+00,4.836414e+00,1.672404e+01,3.694362e+00,-1.143335e+01,-3.049462e+01,-5.235247e+00,-6.291044e+00,-1.029854e+01,-2.802786e+00,-8.943837e+00,-3.213655e-01,1.347222e-02,3.329474e-01,0,1.844361e-06,1.682934e+00,1.925455e+00,-7.727844e-01,2.193155e-01,-1.268139e+00,-3.289612e-01,-1.619916e-01,-1.596126e+00,2.476148e+00,-2.166991e-01,-1.769056e-02,-5.475241e-01,-4.638889e-03,5.726785e-02,0
1.317391e-04,-5.965687e+00,7.918169e+00,1.520244e+01,3.132152e+00,-1.290175e+01,-2.935203e+01,-4.927956e+00,-8.905643e+00,-5.175324e+00,-2.935221e+00,-7.975407e+00,-6.422463e-01,8.472222e-03,4.253558e-01,0,1.266035e-05,1.590282e+00,2.057720e+00,-1.042812e+00,-7.976724e-01,-5.419735e-01,-6.164360e-02,7.795893e-01,-1.581257e+00,3.220439e+00,-1.513876e-01,-1.370268e-01,-6.938423e-01,-3.236111e-03,7.136858e-02,0
1.542774e-04,-4.363222e+00,9.873313e+00,1.387917e+01,2.061364e+00,-1.213186e+01,-2.910369e+01,-3.674896e+00,-1.162264e+01,-1.303894e+00,-2.920315e+00,-8.058967e+00,-1.479203e+00,6.388889e-03,5.189762e-01,0,1.177846e-05,1.006684e+00,1.302019e+00,-1.112107e+00,-1.540520e+00,1.188577e-01,-1.272734e-01,1.899153e+00,-1.244772e+00,2.702964e+00,1.343205e-01,-7.428298e-01,-1.309585e+00,-1.069444e-03,5.696081e-02,0
1.669401e-04,-4.264603e+00,1.043674e+01,1.247229e+01,-5.810665e-01,-1.144537e+01,-2.978634e+01,-7.093477e-02,-1.119775e+01,9.653847e-01,-3.835457e+00,-9.907361e+00,-2.404910e+00,7.222222e-03,5.672873e-01,0,4.391238e-06,3.795778e-01,5.354964e-01,-3.193702e-01,-1.275500e+00,-3.798370e-02,-3.702566e-01,1.768683e+00,-1.381517e-01,1.704677e+00,3.080875e-01,-1.673480e+00,-1.916943e+00,5.416669e-04,2.750457e-02,0
1.652078e-04,-4.205955e+00,1.008722e+01,1.252857e+01,-2.151630e+00,-1.156725e+01,-3.091383e+01,1.832009e+00,-1.136885e+01,1.459252e-01,-1.681066e+00,-1.169201e+01,-5.987959e+00,8.750000e-03,5.467857e-01,0,-8.970432e-06,2.254744e-02,1.471732e-01,5.259646e-01,-6.118532e-01,-5.572833e-01,2.874281e-01,8.790830e-01,5.005294e-01,9.871437e-01,6.979806e-01,-1.604061e+00,-1.617512e+00,1.166667e-03,-2.468801e-03,0
1.482300e-04,-4.146431e+00,1.048870e+01,1.428088e+01,-1.138853e+00,-1.337397e+01,-3.029823e+01,1.162007e+00,-9.723297e+00,2.623150e+00,-2.014408e+00,-1.452628e+01,-7.972584e+00,1.000000e-02,5.489739e-01,0,-1.297987e-05,-5.723821e-01,1.655659e-01,9.724558e-01,-3.297721e-02,-8.902626e-02,1.075549e+00,-9.545552e-01,4.133933e-01,5.532812e-01,3.279262e-01,-2.093725e-02,-3.240378e-01,1.625000e-03,-3.451654e-02,0
1.187802e-04,-4.309571e+00,1.058320e+01,1.560470e+01,-7.190087e-01,-1.395397e+01,-2.741060e+01,1.040483e-01,-9.857221e+00,2.802942e+00,-3.409358e-01,-1.376981e+01,-6.782924e+00,1.083333e-02,5.157889e-01,0,1.256124e-05,-1.726416e+00,7.180318e-01,4.686745e-01,-6.368672e-01,1.062338e+00,1.196003e+00,-1.944271e+00,-1.961708e-04,-1.920582e-01,-2.559212e-01,2.118434e+00,1.059253e+00,3.569444e-03,-5.788349e-02,0
1.252545e-04,-7.074706e+00,1.101658e+01,1.579651e+01,-1.462263e+00,-1.069714e+01,-2.616021e+01,-3.979730e+00,-9.886596e+00,2.403282e+00,-2.865891e+00,-8.973146e+00,-3.627617e+00,1.430556e-02,4.102030e-01,0,6.587844e-05,-3.113796e+00,1.505737e+00,-5.211380e-01,-1.605933e+00,2.639024e+00,2.990025e-01,-2.354915e+00,-3.463402e-01,-1.496659e+00,-6.509085e-01,3.816351e+00,1.198546e+00,8.722221e-03,-7.943793e-02,0
2.395018e-04,-1.137390e+01,1.341344e+01,1.411413e+01,-5.174261e+00,-7.593979e+00,-2.700283e+01,-5.318475e+00,-1.128818e+01,-7.044320e-01,-2.534930e+00,-3.876407e+00,-2.864177e+00,2.444444e-02,3.267536e-01,0,1.356441e-04,-3.939537e+00,2.233548e+00,-1.079074e+00,-1.848272e+00,3.255109e+00,-5.943497e-01,-1.895802e+00,1.857154e-01,-1.916224e+00,-8.117935e-01,3.250896e+00,1.472181e-01,1.511111e-02,-6.886719e-02,0
4.172615e-04,-1.618324e+01,1.660226e+01,1.242047e+01,-6.940893e+00,-3.358847e+00,-2.900710e+01,-7.901305e+00,-1.073952e+01,-3.106457e+00,-4.171953e+00,-3.912303e-01,-3.939229e+00,4.680556e-02,2.463018e-01,0,1.701731e-04,-3.699703e+00,2.067835e+00,-1.094121e+00,-1.194968e+00,2.852128e+00,-3.511181e-01,-6.327061e-01,1.395800e+00,-1.986501e+00,-6.797722e-01,1.297887e+00,-6.521525e-01,1.987500e-02,-4.224039e-02,0
6.509972e-04,-1.945299e+01,1.895810e+01,1.189734e+01,-7.221054e+00,-1.347571e+00,-2.895890e+01,-7.414175e+00,-8.502183e+00,-4.023307e+00,-3.746872e+00,-1.806291e+00,-5.891027e+00,7.013889e-02,2.534035e-01,0,1.420693e-04,-2.754108e+00,8.663973e-01,-6.352978e-01,7.650967e-02,1.942119e+00,2.270958e-01,1.046483e-01,2.514190e+00,-1.369887e+00,-1.186683e+00,-7.358409e-01,-5.751594e-01,1.898611e-02,-2.365298e-02,0
7.703722e-04,-2.153368e+01,1.858343e+01,1.143430e+01,-6.413708e+00,4.403007e-01,-2.693777e+01,-6.095411e+00,-4.300594e+00,-5.869787e+00,-5.658781e+00,-3.518767e+00,-5.374954e+00,9.083334e-02,2.356761e-01,0,5.735286e-05,-1.507610e+00,-3.229767e-01,-2.870203e-01,1.086817e+00,3.962028e-01,5.709068e-01,9.403629e-01,3.047836e+00,-9.853418e-01,-7.860500e-01,-1.804641e+00,-1.044268e-01,1.277778e-02,-1.229501e-02,0
7.732928e-04,-2.246922e+01,1.675484e+01,1.143073e+01,-5.055305e+00,2.170417e-01,-2.690202e+01,-5.698181e+00,-1.936694e+00,-6.172204e+00,-7.724934e+00,-5.991843e+00,-5.022111e+00,9.736111e-02,2.138016e-01,0,-4.493180e-05,-3.942575e-01,-8.688921e-01,-3.496066e-01,1.832977e+00,-8.350528e-01,2.936035e-01,2.687165e-01,2.118134e+00,-8.920066e-01,-5.689435e-02,-1.371692e+00,7.472283e-01,4.319442e-03,-1.011145e-02,0
6.428780e-04,-2.221317e+01,1.608900e+01,1.121868e+01,-2.589680e+00,-2.160139e+00,-2.718101e+01,-4.057487e+00,1.216916e+00,-6.958718e+00,-6.113173e+00,-7.321657e+00,-4.895821e+00,9.708333e-02,2.046277e-01,0,-1.098443e-04,4.411482e-01,-6.787820e-01,-5.981905e-01,2.008702e+00,-1.925351e+00,3.339241e-01,-5.787687e-01,6.788193e-01,-6.381907e-01,1.066805e+00,-9.130653e-01,1.256384e+00,-4.125002e-03,5.078581e-03,0
4.900853e-04,-2.108452e+01,1.586085e+01,1.025712e+01,3.181766e-02,-4.222616e+00,-2.736926e+01,-7.089554e+00,-6.702704e-01,-7.938875e+00,-3.804148e+00,-6.763306e+00,-2.394453e+00,8.861110e-02,2.183705e-01,0,-1.293910e-04,1.340217e+00,-5.818294e-01,-1.072330e+00,1.499882e+00,-2.333137e+00,1.062429e+00,-1.914693e+00,-4.553099e-01,-3.007579e-02,1.225520e+00,-5.510851e-01,2.222826e+00,-1.030556e-02,1.885537e-02,0
3.627542e-04,-2.002028e+01,1.563651e+01,9.030152e+00,1.086241e+00,-6.966625e+00,-2.503453e+01,-8.293568e+00,-1.539709e+00,-8.177405e+00,-2.285147e+00,-7.698363e+00,-4.068620e-01,7.458333e-02,2.587846e-01,0,-1.094176e-04,2.033394e+00,-9.527063e-01,-1.450702e+00,5.500026e-01,-2.005617e+00,1.363127e+00,-2.870604e+00,-7.047533e-01,1.036981e+00,7.152290e-01,-4.263981e-01,2.538160e+00,-1.484722e-02,1.954333e-02,0
2.663998e-04,-1.686458e+01,1.407194e+01,7.163345e+00,6.061430e-01,-9.045400e+00,-2.266312e+01,-1.315361e+01,-2.834931e+00,-5.713240e+00,-3.511347e+00,-8.558915e+00,3.847541e+00,5.708333e-02,2.810000e-01,0,-7.820733e-05,2.464061e+00,-1.433604e+00,-1.708214e+00,-2.957281e-01,-1.082892e+00,8.256708e-01,-2.910167e+00,-1.703531e-01,2.571395e+00,7.270294e-01,-1.410882e-01,2.394083e+00,-1.570833e-02,6.253683e-03,0
2.076325e-04,-1.415618e+01,1.221992e+01,5.512053e+00,-1.268296e-01,-9.776830e+00,-2.271844e+01,-1.537848e+01,-1.224520e+00,-2.886628e+00,-2.683428e+00,-8.555842e+00,4.673980e+00,3.861111e-02,2.710296e-01,0,-5.040814e-05,2.170151e+00,-1.538479e+00,-1.574869e+00,-4.268640e-01,1.850287e-01,-5.638210e-01,-2.257679e+00,-2.023558e-01,2.823422e+00,9.830141e-01,6.142018e-01,1.602173e+00,-1.306944e-02,-7.774682e-03,0
1.766095e-04,-1.169627e+01,1.040112e+01,3.475103e+00,-8.402879e-01,-8.231975e+00,-2.439895e+01,-1.809793e+01,-1.679631e+00,2.272713e+00,3.013968e-02,-7.040007e+00,7.035544e+00,2.805556e-02,2.435164e-01,0,-3.127493e-05,1.212925e+00,-1.191469e+00,-8.220621e-01,1.222786e-02,8.081676e-01,-1.277153e+00,-3.735789e-01,-6.122920e-01,2.215185e+00,1.054211e+00,1.758474e-01,4.364121e-01,-8.319443e-03,-1.121180e-02,0
1.556087e-04,-1.175369e+01,9.779527e+00,2.999930e+00,-3.248631e-01,-6.448194e+00,-2.698572e+01,-1.710980e+01,-3.129138e+00,1.946728e+00,8.591800e-01,-5.386808e+00,6.010000e+00,2.375000e-02,2.386529e-01,0,-2.262756e-05,4.740737e-01,-6.761716e-01,-1.439275e-01,4.912631e-01,6.000094e-01,-1.250855e+00,9.118389e-01,-8.642368e-01,9.030244e-01,3.073326e-01,-8.499528e-01,-3.331703e-01,-4.236110e-03,-1.497501e-03,0
1.360371e-04,-1.200120e+01,9.334798e+00,4.309096e+00,7.662991e-01,-6.668879e+00,-2.691525e+01,-1.415584e+01,-4.944082e+00,2.946007e+00,-1.159390e-02,-9.264195e+00,5.361591e+00,2.291667e-02,2.411293e-01,0,-1.927368e-05,-6.068516e-03,-4.978746e-01,4.524118e-01,3.875412e-01,-5.774096e-01,-1.619299e-01,1.447060e+00,-3.796384e-01,1.226095e-01,-1.130261e-01,-1.474595e+00,-9.349474e-01,-2.041667e-03,8.179742e-03,0
1.147809e-04,-1.163334e+01,9.372231e+00,4.375419e+00,1.526192e+00,-7.558331e+00,-2.771457e+01,-1.279033e+01,-3.913479e+00,1.291847e+00,-1.125898e+00,-1.169351e+01,3.845105e+00,2.000000e-02,2.647356e-01,0,-1.332005e-05,-7.426405e-02,-1.242286e+00,7.946054e-01,-3.144776e-01,-1.469508e+00,1.347877e+00,7.020462e-01,6.545639e-01,4.334211e-01,-9.843576e-03,-4.523588e-01,-8.379631e-01,1.527777e-04,9.822519e-03,0
1.006550e-04,-1.178679e+01,8.115400e+00,5.049417e+00,1.718904e-01,-1.056395e+01,-2.484417e+01,-1.302237e+01,-3.185652e+00,3.213202e+00,4.575482e-01,-1.125963e+01,3.443254e+00,1.972222e-02,2.713738e-01,0,-1.070670e-06,-4.340893e-01,-2.180401e+00,1.093329e+00,-1.720536e+00,-1.847819e+00,2.393262e+00,-1.912957e-01,1.203330e+00,4.256033e-01,-4.166214e-01,1.707925e+00,-7.388295e-01,3.055556e-03,5.265096e-03,0
1.066995e-04,-1.223222e+01,4.177794e+00,6.602796e+00,-1.600047e+00,-1.184820e+01,-2.128187e+01,-1.416631e+01,-7.355332e-01,3.980237e+00,5.753911e-01,-6.650884e+00,2.779353e+00,2.611111e-02,2.726433e-01,0,8.689786e-06,-7.340668e-01,-2.758222e+00,1.712278e+00,-2.265202e+00,-1.585564e+00,2.599779e+00,-1.388792e-01,8.623277e-01,7.657401e-01,-8.775336e-01,2.393473e+00,-5.002221e-01,5.847222e-03,-4.010147e-03,0
1.347245e-04,-1.387221e+01,1.030010e+00,8.662054e+00,-6.273262e+00,-1.376304e+01,-1.816529e+01,-1.442433e+01,-5.164066e-01,3.729829e+00,-2.945346e+00,-3.245885e+00,2.200320e+00,3.513889e-02,2.635009e-01,0,8.403643e-06,-5.285834e-01,-2.222352e+00,1.752790e+00,-1.443047e+00,-1.260162e+00,1.772582e+00,1.776361e-01,-5.019091e-02,3.543431e-01,-1.367393e+00,1.493923e+00,-4.844019e-01,5.569445e-03,5.300745e-04,0
1.411951e-04,-1.426096e+01,-8.761848e-01,1.113049e+01,-6.577240e+00,-1.388661e+01,-1.805512e+01,-1.278374e+01,-9.364637e-01,4.862234e+00,-3.812120e+00,-3.733020e+00,1.965462e+00,4.152778e-02,2.486213e-01,0,-2.868817e-06,1.871798e-01,-1.078448e+00,1.653761e+00,6.513287e-01,-1.331933e+00,6.669846e-01,4.272565e-01,-1.106391e+00,7.219664e-01,-3.228591e-01,-4.768297e-01,-5.959092e-01,2.361111e-03,1.664022e-03,0
1.254254e-04,-1.341533e+01,-4.693709e-01,1.154952e+01,-4.554749e+00,-1.584556e+01,-1.759464e+01,-1.282547e+01,-3.336142e+00,4.543919e+00,-4.185659e+00,-5.248949e+00,1.428191e+00,3.986111e-02,2.860352e-01,0,-1.365573e-05,1.024431e+00,-1.899514e-01,9.844948e-01,2.394625e+00,-1.205627e+00,2.056484e-02,-1.252130e-01,-1.635506e+00,5.229944e-01,1.184674e+00,-1.796997e+00,-3.356949e-01,-1.791667e-03,5.622606e-03,0
9.700499e-05,-1.152476e+01,-4.647529e-01,1.342787e+01,7.973395e-01,-1.746660e+01,-1.823227e+01,-1.282946e+01,-4.857620e+00,7.183024e+00,-4.187478e-01,-8.033501e+00,1.858720e-01,3.555556e-02,2.696963e-01,0,-1.604423e-05,1.247150e+00,1.428372e-01,2.719593e-01,2.248987e+00,-9.789153e-01,-2.429508e-01,-8.522112e-01,-1.656953e+00,2.047680e-01,2.165363e+00,-1.963547e+00,1.644039e-02,-4.041667e-03,1.473954e-03,0
8.854092e-05,-1.011816e+01,-1.254625e-01,1.243584e+01,2.012573e+00,-1.800118e+01,-1.797389e+01,-1.502754e+01,-6.733356e+00,5.184406e+00,1.281337e+00,-1.008063e+01,1.411640e+00,2.916667e-02,2.810765e-01,0,-1.296080e-05,9.339735e-01,-6.943647e-02,-1.326482e-01,1.182779e+00,-2.523367e-01,1.276546e-01,-8.480909e-01,-9.427422e-01,7.387175e-02,2.435547e+00,-9.319091e-01,2.390115e-01,-3.388890e-03,3.297180e-03,0
7.941619e-05,-9.673802e+00,-3.339531e-01,1.204713e+01,1.384033e+00,-1.770337e+01,-1.908025e+01,-1.594376e+01,-7.522621e+00,5.565830e+00,4.281194e+00,-1.113492e+01,2.055939e+00,2.666667e-02,2.584704e-01,0,-9.300677e-06,4.778948e-01,-2.870749e-01,-3.471629e-01,1.124977e-02,1.505876e-01,4.388611e-01,-3.995987e-01,1.179582e-01,3.318024e-03,1.475639e+00,2.011712e-01,5.653347e-02,-1.319445e-03,1.173940e-02,0
6.941580e-05,-9.670939e+00,-8.819531e-01,1.157665e+01,1.065802e+00,-1.698885e+01,-1.653237e+01,-1.550877e+01,-6.717352e+00,5.721875e+00,5.642104e+00,-8.357787e+00,1.688214e+00,2.736111e-02,3.081340e-01,0,-9.645533e-06,2.044228e-01,-2.526078e-01,1.798449e-02,-7.614796e-02,9.147606e-02,5.613079e-01,2.136972e-01,7.922529e-01,-5.104828e-03,6.083965e-02,9.881614e-01,-7.334798e-01,6.527778e-04,1.050680e-02,0
6.006416e-05,-9.358893e+00,-1.521882e+00,1.212165e+01,1.326974e+00,-1.721983e+01,-1.675872e+01,-1.458684e+01,-4.275831e+00,6.930880e+00,4.779062e+00,-7.889067e+00,3.302521e-01,2.986111e-02,3.148645e-01,0,-9.239022e-06,-2.818613e-02,7.385624e-03,8.794431e-02,7.027594e-02,1.597303e-01,3.765144e-02,3.479973e-01,1.121120e+00,-1.036760e+00,-1.584141e+00,1.113878e+00,-6.050054e-01,1.069445e-03,-7.844031e-04,0
4.998926e-05,-9.253498e+00,-7.945370e-01,1.248850e+01,1.660363e+00,-1.778557e+01,-1.632811e+01,-1.463752e+01,-4.395487e+00,4.476357e+00,1.336602e+00,-6.762749e+00,-1.392915e+00,3.083333e-02,3.054134e-01,0,-7.178071e-06,-5.231991e-01,1.414274e-01,5.895243e-02,1.796918e-01,1.890965e-01,-1.003918e+00,1.014677e-01,3.997352e-01,-1.564909e+00,-2.037397e+00,1.424755e+00,1.498590e-01,1.013890e-03,-2.153507e-02,0
4.293435e-05,-1.002345e+01,-3.407331e-01,1.203092e+01,1.438132e+00,-1.650636e+01,-1.899412e+01,-1.463940e+01,-3.077953e+00,1.004788e+00,-1.486759e+00,-6.363043e+00,5.714769e-01,3.027778e-02,2.559087e-01,0,-3.696795e-06,-1.157147e+00,2.079993e-01,-1.689594e-01,5.252551e-02,9.372514e-01,-1.455542e+00,6.941251e-02,-1.686473e-01,-1.346293e+00,-1.029370e+00,2.140456e+00,9.134978e-01,1.833333e-03,-2.905902e-02,0
4.209035e-05,-1.195465e+01,-7.653908e-01,1.191677e+01,1.908682e+00,-1.640010e+01,-2.043426e+01,-1.497515e+01,-5.317616e+00,8.603763e-01,-1.411972e+00,-1.997024e+00,2.316897e+00,3.222222e-02,2.299366e-01,0,2.537108e-07,-1.578658e+00,1.669656e-01,-6.535558e-02,-3.663311e-01,1.438524e+00,-1.269731e+00,4.096707e-01,-4.849929e-01,-2.330110e-01,5.227385e-01,2.092710e+00,7.498963e-01,3.999998e-03,-2.358648e-02,0
4.552964e-05,-1.379405e+01,-4.964585e-01,1.156271e+01,1.465442e+00,-1.322630e+01,-2.198335e+01,-1.407096e+01,-4.658003e+00,2.007405e+00,1.006500e+00,4.303496e-01,3.042835e+00,3.833333e-02,2.073079e-01,0,2.746223e-06,-1.655901e+00,4.205254e-01,3.276652e-01,-7.434946e-01,1.551726e+00,-4.347149e-01,8.821891e-01,-2.424590e-01,6.064741e-01,1.407679e+00,1.599644e+00,-7.242081e-01,6.541665e-03,-1.178426e-02,0
4.996017e-05,-1.526149e+01,1.181539e-01,1.239583e+01,-1.849480e-01,-1.223298e+01,-2.118215e+01,-1.287339e+01,-6.030426e+00,2.809994e+00,2.703665e+00,3.041040e-01,1.120887e+00,4.680555e-02,2.117814e-01,0,3.705106e-06,-1.547762e+00,6.545757e-01,6.317997e-01,-1.133994e+00,8.164581e-01,-1.900335e-01,1.288493e+00,5.061552e-01,4.857303e-01,1.294969e+00,1.194819e-01,-1.991455e+00,7.513889e-03,-3.403519e-03,0
5.273055e-05,-1.664954e+01,1.320121e+00,1.342972e+01,-1.232526e+00,-1.083130e+01,-2.079375e+01,-1.127934e+01,-3.933842e+00,3.062350e+00,3.493817e+00,4.846148e-01,-2.451559e+00,5.569444e-02,2.060649e-01,0,2.148707e-06,-1.256364e+00,5.902370e-01,8.438767e-01,-7.354333e-01,-9.630495e-01,-2.640800e-01,1.017527e+00,6.604327e-01,-1.880467e-02,8.441843e-01,-5.503868e-01,-2.268687e+00,5.986112e-03,1.597619e-03,0
5.701542e-05,-1.826572e+01,1.599198e+00,1.414227e+01,-2.412302e+00,-1.351532e+01,-2.197923e+01,-9.928491e+00,-3.148920e+00,2.761555e+00,3.819214e+00,-1.426747e+00,-4.893182e+00,6.111111e-02,2.135404e-01,0,-9.659637e-07,-6.101986e-01,2.600543e-01,7.628353e-01,3.210890e-01,-2.265912e+00,-4.445027e-01,3.992014e-02,4.350475e-01,-8.256059e-01,4.412134e-01,-1.015185e+00,-1.805038e+00,2.791668e-03,2.713515e-03,0
5.274555e-05,-1.857375e+01,1.714205e+00,1.490888e+01,-1.098047e+00,-1.740038e+01,-2.290521e+01,-1.045577e+01,-2.796593e+00,1.937601e+00,4.669647e+00,-1.456159e+00,-5.293566e+00,6.111111e-02,2.144165e-01,0,-4.928251e-06,2.342947e-01,-2.389966e-01,4.803004e-01,1.549625e+00,-2.811144e+00,1.447723e-01,-9.984104e-01,-1.877995e-01,-1.340999e+00,5.349267e-02,-1.204522e+00,-6.998373e-01,3.333330e-04,4.306125e-03,0
4.512285e-05,-1.735037e+01,1.221383e+00,1.547043e+01,1.353257e+00,-2.027799e+01,-2.234894e+01,-1.308557e+01,-4.423813e+00,-7.556615e-01,4.321817e+00,-3.801432e+00,-6.483299e+00,5.805555e-02,2.211732e-01,0,-7.800784e-06,7.866609e-01,-5.033066e-01,-3.046961e-02,2.287356e+00,-1.768224e+00,1.117044e+00,-1.359054e+00,-5.215676e-01,-1.567597e+00,-3.741221e-01,-1.083878e+00,2.494182e-01,5.833320e-04,1.896423e-03,0
3.403558e-05,-1.593574e+01,3.140456e-01,1.516714e+01,4.632821e+00,-2.150568e+01,-1.988504e+01,-1.469285e+01,-4.235393e+00,-1.884036e+00,3.509979e+00,-4.350651e+00,-5.155687e+00,5.888889e-02,2.237792e-01,0,-7.737302e-06,7.329553e-01,-4.048679e-01,-5.594980e-01,1.816900e+00,-6.023218e-01,1.493130e+00,-8.124685e-01,-5.353341e-01,-1.534138e+00,-3.312654e-01,-5.150419e-01,1.094405e+00,2.319444e-03,-2.766705e-03,0
2.736648e-05,-1.565142e+01,-2.172557e-01,1.386079e+01,6.159046e+00,-2.030379e+01,-1.790410e+01,-1.460522e+01,-5.037358e+00,-3.165609e+00,2.528438e+00,-5.398891e+00,-3.715031e+00,6.513888e-02,2.183412e-01,0,-6.101463e-06,4.117295e-01,7.996365e-02,-6.047786e-01,7.567923e-01,-4.371281e-02,1.132397e+00,-6.777153e-02,-5.088350e-01,-8.344845e-01,5.323647e-01,4.588684e-01,1.108546e+00,2.916668e-03,-9.987498e-03,0
2.293722e-05,-1.575845e+01,4.091845e-01,1.291621e+01,5.583559e+00,-2.039910e+01,-1.766199e+01,-1.375829e+01,-5.166491e+00,-4.528118e+00,3.910010e+00,-3.232639e+00,-1.205676e+00,6.916667e-02,2.019990e-01,0,-3.822327e-06,2.709668e-01,6.384938e-01,-3.038856e-01,-3.699352e-01,-3.045603e-01,6.695415e-01,4.259904e-01,-4.934767e-01,-1.935956e-01,1.258912e+00,7.892844e-01,3.490317e-01,1.847223e-03,-1.244651e-02,0
2.016472e-05,-1.538037e+01,1.573632e+00,1.357200e+01,4.661849e+00,-2.104985e+01,-1.779848e+01,-1.389171e+01,-6.502439e+00,-3.606043e+00,6.783625e+00,-2.066096e+00,-2.915576e+00,6.750000e-02,1.821259e-01,0,-2.503468e-06,2.572087e-01,6.642559e-01,-5.809069e-02,-8.913025e-01,-4.078217e-01,7.517061e-01,9.700441e-01,2.856566e-01,8.701155e-01,7.756656e-01,5.031345e-01,-3.790576e-01,2.055556e-03,-1.104727e-02,0
1.852483e-05,-1.471643e+01,2.611071e+00,1.379211e+01,3.531743e+00,-2.265545e+01,-1.659014e+01,-1.291966e+01,-5.970236e+00,-2.631797e+00,7.676944e+00,-2.070626e+00,-3.810256e+00,6.694444e-02,1.796543e-01,0,-1.899135e-06,1.910049e-01,2.741499e-01,-7.033539e-03,-7.920855e-01,4.703583e-01,1.107877e+00,1.566857e+00,7.354361e-01,1.220341e+00,-8.691977e-01,-3.928259e-01,-2.643815e-01,4.874998e-03,-7.665984e-03,0
1.705534e-05,-1.488639e+01,2.003081e+00,1.313238e+01,2.728442e+00,-2.121472e+01,-1.468149e+01,-1.017432e+01,-3.207202e+00,2.368078e-01,4.523299e+00,-3.464225e+00,-4.308029e+00,7.652777e-02,1.742772e-01,0,-1.663698e-06,1.619583e-01,-4.019158e-01,-4.856772e-01,-6.510287e-01,1.599618e+00,1.163402e+00,1.293872e+00,9.120516e-01,1.146461e+00,-1.452135e+00,-3.789293e-01,3.288408e-01,6.847222e-03,-9.638330e-03,0
1.499624e-05,-1.505042e+01,1.565210e+00,1.310085e+01,2.589835e+00,-1.796487e+01,-1.368110e+01,-7.782701e+00,-3.136929e+00,-3.478363e-01,6.941846e-01,-4.497704e+00,-1.831357e+00,8.902777e-02,1.675934e-01,0,-1.492543e-06,3.048800e-01,-8.868977e-01,-1.130854e+00,-6.030852e-01,1.854998e+00,6.961862e-01,4.860923e-01,3.764734e-02,6.727647e-01,-2.532472e-01,-1.014937e-01,6.999658e-01,5.416670e-03,-9.634729e-03,0
1.361053e-05,-1.440358e+01,8.698384e-02,1.148925e+01,1.877660e+00,-1.539705e+01,-1.343599e+01,-9.990827e+00,-3.358835e+00,9.842839e-01,3.014328e+00,-2.747204e+00,-2.260822e+00,9.069445e-02,1.399647e-01,0,-1.218330e-06,6.030442e-01,-1.092499e+00,-2.101654e+00,-9.404022e-01,8.708656e-01,2.862309e-01,-6.459311e-01,-6.782795e-01,4.923227e-01,1.857331e+00,7.124767e-01,8.141112e-01,2.263890e-03,-8.543603e-03,0
1.278452e-05,-1.343343e+01,-8.653693e-01,8.959410e+00,9.417084e-01,-1.628929e+01,-1.373196e+01,-1.058094e+01,-5.706183e+00,3.582884e-01,7.165194e+00,-2.936605e+00,-1.334031e+00,8.694445e-02,1.486369e-01,0,-9.489956e-07,5.333775e-01,-1.140641e+00,-2.730176e+00,-1.014601e+00,-1.626512e-01,-2.019166e-01,-4.388024e-01,-7.921068e-01,4.376235e-01,2.567195e+00,1.013802e+00,7.038953e-01,4.486111e-03,-6.260835e-03,0
1.206955e-05,-1.267966e+01,-2.244122e+00,4.694831e+00,-1.149505e+00,-1.769818e+01,-1.322490e+01,-1.200485e+01,-5.313972e+00,2.345359e+00,1.057445e+01,-6.823910e-01,-4.861356e-01,8.888888e-02,1.410374e-01,0,-9.572232e-07,2.193716e-01,-6.353409e-01,-2.134703e+00,-6.270636e-01,1.595035e-01,-1.201968e-01,3.325338e-01,-5.404209e-01,9.096561e-02,1.145820e+00,3.584209e-01,3.563465e-01,1.426389e-02,-5.771594e-03,0
1.102175e-05,-1.324549e+01,-2.972440e+00,2.847172e+00,-9.695845e-01,-1.762756e+01,-1.479622e+01,-8.969701e+00,-6.119894e+00,1.159744e+00,9.750102e+00,-4.610994e-01,8.007768e-01,1.123611e-01,1.357528e-01,0,-1.037582e-06,-1.145518e-01,-1.357165e-01,-9.037018e-01,1.411489e-01,1.405940e+00,4.220936e-01,8.319117e-01,2.632716e-01,-2.788885e-01,-7.070282e-01,-6.625451e-01,-1.119144e+00,2.820833e-02,-1.119606e-02,0
9.705796e-06,-1.340070e+01,-2.036185e+00,3.871849e+00,-3.020122e-01,-1.393040e+01,-1.350484e+01,-9.133778e+00,-5.854084e+00,1.038384e+00,7.450975e+00,-2.192852e+00,-1.546493e+00,1.493056e-01,1.175487e-01,0,-1.037314e-06,-1.211116e-01,3.772463e-01,3.730818e-01,6.831048e-01,2.181063e+00,1.118040e+00,4.956323e-01,5.782710e-01,-8.193973e-01,-1.511940e+00,-1.889163e+00,-2.572055e+00,3.876389e-02,-1.187103e-02,0
8.778487e-06,-1.364567e+01,-1.647921e+00,4.852392e+00,1.223706e+00,-1.114349e+01,-1.148152e+01,-7.856920e+00,-4.119770e+00,-3.826668e-01,5.191790e+00,-5.494100e+00,-6.399572e+00,1.977778e-01,1.044009e-01,0,-8.808555e-07,2.419627e-01,5.471598e-01,5.111362e-01,6.632630e-01,1.432655e+00,1.487343e+00,-2.568668e-01,4.746153e-01,-6.259741e-01,-8.355891e-01,-1.893234e+00,-2.847554e+00,4.045834e-02,-1.188943e-02,0
8.004610e-06,-1.308513e+01,-1.020151e+00,5.557631e+00,1.169373e+00,-1.003490e+01,-9.292052e+00,-1.008308e+01,-3.422679e+00,-9.804220e-01,5.293905e+00,-7.611706e+00,-9.746238e+00,2.400000e-01,9.735820e-02,0,-6.752016e-07,5.809733e-01,4.091274e-01,1.342009e-01,2.642549e-01,-5.516683e-01,6.229698e-01,-5.214943e-01,-2.755895e-01,-4.044027e-01,4.032418e-01,-8.329983e-01,-1.039367e+00,3.234722e-02,-8.051376e-03,0
7.468063e-06,-1.219347e+01,-7.446588e-01,4.559963e+00,1.611038e+00,-1.241203e+01,-9.465900e+00,-9.779383e+00,-4.962519e+00,-9.607235e-01,6.650692e+00,-7.217840e+00,-9.337119e+00,2.693056e-01,8.640092e-02,0,-5.451375e-07,8.120109e-01,3.405928e-01,-1.373508e-01,-2.477105e-01,-2.190818e+00,-3.350523e-01,-5.302342e-01,-9.722754e-01,1.063610e-02,7.298739e-01,4.011255e-01,6.024204e-01,2.102778e-02,-6.372373e-03,0
6.985001e-06,-1.122193e+01,-4.421786e-01,4.689068e+00,8.255963e-01,-1.605447e+01,-1.139780e+01,-1.078002e+01,-6.810656e+00,-6.946009e-01,8.737733e+00,-5.495974e+00,-5.274557e+00,2.752778e-01,8.629186e-02,0,-4.600363e-07,5.453817e-01,1.086011e-01,-2.059932e-01,-7.589337e-01,-2.599822e+00,-9.311317e-01,-3.799512e-01,-9.396957e-01,2.757017e-01,4.106268e-01,1.153703e+00,1.136031e+00,1.554166e-02,-4.583079e-03,0
6.562605e-06,-1.051722e+01,-2.339426e-01,4.599920e+00,1.570424e-01,-1.908780e+01,-1.210391e+01,-1.015962e+01,-7.287158e+00,-4.723969e-01,7.119245e+00,-4.546339e+00,-5.623311e+00,2.852778e-01,7.807225e-02,0,-4.238536e-07,4.369755e-02,-9.694067e-02,-2.442268e-01,-9.737833e-01,-1.626329e+00,-6.130081e-01,-1.639532e-01,-4.100464e-01,3.656256e-01,-8.281717e-02,1.209798e+00,1.948735e-01,2.025000e-02,-2.698562e-03,0
6.157158e-06,-1.119634e+01,-7.325032e-01,4.507686e+00,-1.898297e+00,-1.969613e+01,-1.262871e+01,-1.179272e+01,-6.958838e+00,1.539231e-01,7.112762e+00,-3.178942e+00,-5.922989e+00,3.097222e-01,7.860714e-02,0,-3.909658e-07,-5.919317e-01,-3.642440e-01,-6.570198e-01,-6.142614e-01,-2.465883e-01,4.055033e-02,2.827595e-01,-1.924706e-02,6.802346e-01,5.218797e-02,8.155273e-01,-4.423956e-01,3.402778e-02,-1.986834e-03,0
5.762716e-06,-1.198777e+01,-1.084200e+00,3.429519e+00,-1.895932e+00,-1.872285e+01,-1.191549e+01,-1.009280e+01,-6.938660e+00,4.431427e-01,7.049091e+00,-2.327364e+00,-8.038535e+00,3.533333e-01,7.675046e-02,0,-3.798564e-07,-8.466400e-01,-4.125229e-01,-1.013119e+00,-2.661741e-02,8.924402e-01,4.554929e-01,3.986730e-01,-1.322785e-01,6.067425e-01,4.770588e-01,5.751883e-01,2.659911e-01,4.638889e-02,-8.147500e-04,0
5.430116e-06,-1.344631e+01,-1.838270e+00,1.989169e+00,-1.219223e+00,-1.746988e+01,-1.128926e+01,-9.399632e+00,-7.081141e+00,2.248802e+00,9.033750e+00,-2.527824e+00,-6.278923e+00,4.113889e-01,7.701858e-02,0,-4.141150e-07,-6.680472e-01,-1.345802e-01,-1.047865e+00,4.488900e-01,1.584598e+00,7.835035e-01,2.373225e-01,-4.228606e-01,8.568790e-02,9.009828e-02,4.823494e-01,9.848863e-01,6.186112e-02,8.547157e-05,0
5.026844e-06,-1.362543e+01,-1.743674e+00,7.935860e-01,-3.155816e-01,-1.573872e+01,-1.049617e+01,-9.362801e+00,-7.887400e+00,1.513876e+00,8.544045e+00,-1.995956e+00,-4.115388e+00,4.663889e-01,7.479278e-02,0,-4.760172e-07,-3.367040e-01,3.888998e-01,-4.912280e-01,3.049847e-01,2.335711e+00,1.087939e+00,-2.700070e-01,-3.061830e-01,-7.274901e-01,-4.287348e-01,4.833705e-01,1.328201e+00,7.441667e-02,2.049217e-03,0
4.454519e-06,-1.371775e+01,-1.075667e+00,5.863259e-01,-4.440223e-01,-1.326520e+01,-9.420851e+00,-1.097110e+01,-8.598771e+00,4.699596e-02,6.815777e+00,-9.328993e-01,-2.960131e+00,5.625000e-01,8.001334e-02,0,-5.101629e-07,-6.278181e-02,8.510767e-01,3.143251e-01,-6.798773e-02,2.802266e+00,1.337020e+00,-4.317989e-02,2.455028e-01,-1.147211e+00,-9.054367e-01,6.457509e-01,5.739446e-01,8.523611e-02,4.514555e-03,0
3.870429e-06,-1.353557e+01,4.789981e-01,1.674801e+00,-7.586091e-01,-9.146633e+00,-7.409997e+00,-1.065710e+01,-7.710760e+00,-2.093405e+00,6.014404e+00,-7.079744e-01,-3.056925e+00,6.498611e-01,8.549917e-02,0,-4.734135e-07,-1.360612e-01,9.040270e-01,6.654031e-01,-3.730933e-01,2.701166e+00,1.546429e+00,5.721590e-01,7.918872e-01,-8.028213e-01,-8.633796e-01,2.366370e-01,4.230255e-01,8.344445e-02,5.955576e-03,0
3.457509e-06,-1.380515e+01,1.305778e+00,3.120187e+00,-1.337648e+00,-6.754594e+00,-6.147243e+00,-8.968383e+00,-5.941947e+00,-1.683614e+00,5.771387e+00,5.693905e-02,-3.938432e+00,7.458333e-01,9.423816e-02,0,-3.844278e-07,-1.429276e-01,6.731924e-01,4.225600e-01,-1.574413e-02,2.092953e+00,1.131477e+00,8.355423e-01,9.681383e-01,3.730842e-01,-9.638750e-01,-1.313696e-01,8.275383e-01,6.920835e-02,7.104174e-03,0
3.158282e-06,-1.426204e+01,1.585739e+00,2.853671e+00,-1.734235e+00,-5.488192e+00,-4.400825e+00,-7.503366e+00,-5.256376e+00,-1.634925e+00,4.749342e+00,-1.307690e+00,-1.511111e+00,7.919445e-01,9.745825e-02,0,-2.691702e-07,-1.478342e-01,2.649044e-01,-3.063684e-01,5.102888e-01,1.137597e+00,8.242183e-01,6.116297e-01,7.389554e-01,8.402038e-01,-1.459251e+00,-4.573894e-01,1.288609e+00,5.263890e-02,5.831344e-03,0
2.888454e-06,-1.406916e+01,1.736924e+00,2.109691e+00,-3.493007e-02,-4.629659e+00,-5.268051e+00,-8.370258e+00,-4.985272e+00,1.683177e+00,2.628932e+00,-1.289889e+00,4.046533e-01,8.375000e-01,1.095547e-01,0,-2.094629e-07,6.109963e-02,2.058765e-01,-6.200358e-01,1.097823e+00,6.854150e-01,2.747686e-01,9.247579e-02,5.013907e-01,7.689054e-01,-1.491437e+00,-6.652118e-01,8.660322e-01,3.688888e-02,3.060165e-03,0
2.809105e-06,-1.414274e+01,1.587947e+00,6.482068e-01,1.141476e+00,-4.521116e+00,-3.728502e+00,-7.898013e+00,-4.494320e+00,4.242183e-01,2.893780e-01,-2.321507e+00,1.214575e+00,8.672222e-01,1.069976e-01,0,-2.183925e-07,2.341175e-02,-1.968087e-01,-6.507040e-01,7.717498e-01,4.869069e-01,2.669280e-01,4.806615e-01,6.261761e-01,2.348424e-02,-1.066092e+00,-2.617631e-01,-7.121827e-02,3.193053e-02,1.497291e-03,0
2.584782e-06,-1.355930e+01,2.334056e+00,1.122740e+00,2.713612e+00,-3.811057e+00,-5.109562e+00,-8.308681e+00,-3.816021e+00,1.131341e+00,5.441841e-01,-2.762211e+00,-9.711137e-01,8.926389e-01,1.047693e-01,0,-2.497878e-07,-3.282452e-03,-4.886773e-01,-7.466647e-01,1.358174e-01,7.580252e-02,9.199449e-01,1.641411e+00,7.934124e-01,-2.845214e-01,-5.552058e-02,3.182372e-01,5.321755e-02,2.698609e-02,4.928437e-03,0
2.218155e-06,-1.439991e+01,3.031292e-01,9.362677e-02,7.502432e-01,-3.462958e+00,-3.145430e+00,-5.130847e+00,-2.710121e+00,-1.241586e+00,4.612578e-01,-1.880345e+00,-1.179319e+00,9.240277e-01,1.073374e-01,0,-2.800043e-07,7.352161e-02,-7.595147e-01,-1.109506e+00,-6.594911e-01,2.876017e-02,1.525386e+00,2.252944e+00,7.897216e-01,2.362854e-01,4.555966e-01,9.941151e-01,6.393384e-01,2.108332e-02,1.280271e-02,0
1.934990e-06,-1.395699e+01,-6.405338e-02,-1.346343e+00,8.397730e-01,-4.779725e+00,-9.598625e-01,-1.546784e+00,-1.910310e+00,1.093472e+00,2.265390e+00,8.071518e-02,1.867688e+00,9.440277e-01,1.340270e-01,0,-1.542165e-07,3.792611e-01,-5.721895e-01,-1.282554e+00,-1.045452e+00,-2.207898e-01,1.846592e+00,2.183367e+00,6.839924e-01,3.638629e-01,4.524225e-01,1.393870e+00,8.833387e-01,6.013882e-03,1.380274e-02,0
1.733980e-06,-1.357629e+01,-1.010572e+00,-3.664783e+00,-1.219061e+00,-3.892982e+00,1.823579e+00,-1.424217e-02,-1.498567e+00,1.624579e+00,1.706759e+00,1.227605e+00,2.991866e+00,9.469444e-01,1.563823e-01,0,-2.959837e-09,7.338119e-01,-1.692534e-01,-7.799238e-01,-7.592550e-01,-1.356707e-02,9.506541e-01,1.323603e+00,6.590784e-01,6.276409e-01,3.375014e-01,9.101487e-01,-3.935794e-01,-1.061112e-02,4.634754e-03,0
2.055787e-06,-1.207480e+01,1.299598e-01,-3.410825e+00,-1.528997e+00,-4.699995e+00,1.638894e+00,4.985328e-02,-1.001835e+00,1.517573e+00,2.183546e+00,2.653165e+00,1.359988e+00,9.112499e-01,1.492605e-01,0,2.917051e-08,5.048240e-01,-5.408221e-01,2.518215e-01,-6.761982e-01,4.841499e-01,-2.520752e-01,8.664696e-01,6.028792e-01,2.215993e-01,-2.683417e-02,3.867908e-01,-1.616276e+00,-1.406943e-02,-9.103751e-03,0
2.142957e-06,-1.167194e+01,-6.401446e-01,-2.773751e+00,-1.861647e+00,-3.570659e+00,3.084623e-01,6.888509e-01,1.310339e-01,1.684568e+00,2.189687e+00,1.384174e+00,-2.893366e+00,8.873610e-01,1.228944e-01,0,-1.387689e-07,3.008570e-01,-8.759616e-01,1.452912e+00,-2.781946e-01,1.106807e+00,-1.204957e+00,9.985521e-01,1.300295e-01,4.702206e-01,-2.878993e-01,2.533135e-02,-1.509148e+00,-8.888721e-04,-2.184330e-02,0
1.876354e-06,-1.238504e+01,-2.953378e+00,-5.327512e-01,-2.219925e+00,-2.520137e+00,-1.462680e+00,2.434017e+00,2.892852e-01,2.171474e+00,1.889755e+00,1.936385e+00,-3.271074e+00,9.034722e-01,1.052522e-01,0,-4.361737e-07,7.780619e-01,-1.003831e+00,1.761620e+00,-2.393076e-01,1.836910e+00,-1.163283e+00,6.977728e-01,-3.574168e-01,2.507841e-01,-8.438659e-01,-2.349710e-01,-4.069027e-01,2.043057e-02,-2.773406e-02,0
1.129852e-06,-1.191689e+01,-3.848711e+00,2.160742e+00,-2.264570e+00,5.511224e-01,-2.650419e+00,3.786436e+00,-1.493980e+00,3.648731e+00,4.141580e-01,1.712652e+00,-2.238342e+00,9.463889e-01,6.917003e-02,0,-5.631309e-07,2.071223e+00,-1.360858e-01,1.365255e+00,1.356096e-01,1.569524e+00,-5.147575e-01,4.030747e-02,-5.466242e-01,-1.544943e-01,-9.211504e-01,-1.390139e-01,6.706570e-01,3.004168e-02,-3.135885e-02,0
3.814712e-07,-8.062020e+00,-3.284912e+00,2.930028e+00,-2.524074e+00,2.423665e+00,-2.698079e+00,1.989924e+00,-1.976412e+00,1.789412e+00,-1.148018e+00,1.314071e+00,-1.002038e+00,9.838889e-01,3.745242e-02,0,-4.807816e-07,3.320963e+00,8.600661e-01,1.225897e-01,5.672895e-01,6.294214e-01,3.928154e-01,-7.542036e-01,-5.538287e-02,-6.888552e-01,-5.090846e-01,-4.585160e-01,8.105892e-01,2.423611e-02,-2.796744e-02,0
7.474411e-08,-3.477339e+00,-1.154807e+00,2.321137e+00,-1.031524e+00,1.805062e+00,-1.647625e+00,1.112435e+00,-1.469238e+00,1.103128e+00,-8.971788e-01,1.000261e+00,-6.745990e-01,9.973611e-01,1.916732e-08,0,-2.641176e-07,3.189579e+00,1.098233e+00,-7.251512e-01,7.053213e-01,-3.525909e-01,7.998918e-01,-9.562798e-01,4.964373e-01,-9.086874e-01,3.197024e-02,-4.739375e-01,5.478722e-01,1.208333e-02,-1.757925e-02,0
0,0,0,0,0,0,0,0,0,0,0,0,0,9.991667e-01,0,0,-8.376865e-08,1.960138e+00,7.724631e-01,-8.181192e-01,6.079671e-01,-6.652392e-01,7.043784e-01,-5.092283e-01,5.422063e-01,-4.681951e-01,3.193216e-01,-3.628403e-01,2.678674e-01,3.236115e-03,-7.490487e-03,0
0,0,0,0,0,0,0,0,0,0,0,0,0,9.991667e-01,0,0,-1.494882e-08,6.954678e-01,2.309613e-01,-4.642273e-01,2.063049e-01,-3.610124e-01,3.295251e-01,-2.224869e-01,2.938477e-01,-2.206256e-01,1.794358e-01,-2.000522e-01,1.349198e-01,3.611088e-04,-3.833464e-09,0
0,0,0,0,0,0,0,0,0,0,0,0,0,9.991667e-01,0,0,0,0,0,0,0,0,0,0,0,0,0,0,0,0,0,0
0,0,0,0,0,0,0,0,0,0,0,0,0,9.991667e-01,0,0,0,0,0,0,0,0,0,0,0,0,0,0,0,0,0,0
0,0,0,0,0,0,0,0,0,0,0,0,0,9.991667e-01,0,0,0,0,0,0,0,0,0,0,0,0,0,0,0,0,0,0
0,0,0,0,0,0,0,0,0,0,0,0,0,9.991667e-01,0,0,0,0,0,0,0,0,0,0,0,0,0,0,0,0,0,0
0,0,0,0,0,0,0,0,0,0,0,0,0,9.991667e-01,0,0,0,0,0,0,0,0,0,0,0,0,0,0,0,0,0,0
0,0,0,0,0,0,0,0,0,0,0,0,0,9.991667e-01,0,0,0,0,0,0,0,0,0,0,0,0,0,0,0,0,0,0
0,0,0,0,0,0,0,0,0,0,0,0,0,9.991667e-01,0,0,0,0,0,0,0,0,0,0,0,0,0,0,0,0,0,0
0,0,0,0,0,0,0,0,0,0,0,0,0,9.991667e-01,0,0,0,0,0,0,0,0,0,0,0,0,0,0,0,0,0,0
0,0,0,0,0,0,0,0,0,0,0,0,0,9.991667e-01,0,0,0,0,0,0,0,0,0,0,0,0,0,0,0,0,0,0
0,0,0,0,0,0,0,0,0,0,0,0,0,9.991667e-01,0,0,0,0,0,0,0,0,0,0,0,0,0,0,0,0,0,0
0,0,0,0,0,0,0,0,0,0,0,0,0,9.991667e-01,0,0,0,0,0,0,0,0,0,0,0,0,0,0,0,0,0,0
0,0,0,0,0,0,0,0,0,0,0,0,0,9.991667e-01,0,0,0,0,0,0,0,0,0,0,0,0,0,0,0,0,0,0
0,0,0,0,0,0,0,0,0,0,0,0,0,9.991667e-01,0,0,0,0,0,0,0,0,0,0,0,0,0,0,0,0,0,0
0,0,0,0,0,0,0,0,0,0,0,0,0,9.991667e-01,0,0,0,0,0,0,0,0,0,0,0,0,0,0,0,0,0,0
0,0,0,0,0,0,0,0,0,0,0,0,0,9.991667e-01,0,0,0,0,0,0,0,0,0,0,0,0,0,0,0,0,0,0
0,0,0,0,0,0,0,0,0,0,0,0,0,9.991667e-01,0,0,0,0,0,0,0,0,0,0,0,0,0,0,0,0,0,0
0,0,0,0,0,0,0,0,0,0,0,0,0,9.991667e-01,0,0,0,0,0,0,0,0,0,0,0,0,0,0,0,0,0,0
0,0,0,0,0,0,0,0,0,0,0,0,0,9.991667e-01,0,0,0,0,0,0,0,0,0,0,0,0,0,0,0,0,0,0
0,0,0,0,0,0,0,0,0,0,0,0,0,9.991667e-01,0,0,0,0,0,0,0,0,0,0,0,0,0,0,0,0,0,0
0,0,0,0,0,0,0,0,0,0,0,0,0,9.991667e-01,0,0,0,0,0,0,0,0,0,0,0,0,0,0,0,0,0,0
0,0,0,0,0,0,0,0,0,0,0,0,0,9.991667e-01,0,0,0,0,0,0,0,0,0,0,0,0,0,0,0,0,0,0
0,0,0,0,0,0,0,0,0,0,0,0,0,9.991667e-01,0,0,0,0,0,0,0,0,0,0,0,0,0,0,0,0,0,0
0,0,0,0,0,0,0,0,0,0,0,0,0,9.991667e-01,0,0,0,0,0,0,0,0,0,0,0,0,0,0,0,0,0,0
0,0,0,0,0,0,0,0,0,0,0,0,0,9.991667e-01,0,0,0,0,0,0,0,0,0,0,0,0,0,0,0,0,0,0
0,0,0,0,0,0,0,0,0,0,0,0,0,9.991667e-01,0,0,0,0,0,0,0,0,0,0,0,0,0,0,0,0,0,0
